9.811587560329236568e-02
2.521306879667931655e-01
1.625700281748101717e-01
1.596761702348025447e-01
2.274529715974460686e-01
2.192123443027274576e-01
6.021866269563685981e-02
1.811950392829412559e-01
1.358114228259899581e-01
2.021415308366613095e-01
9.191769703410720971e-02
1.678245691631982117e-01
1.497243388737649894e-01
2.318758253339830711e-01
2.119800345565812372e-01
1.230378505914424825e-01
2.334808499680054716e-01
1.907336299630398579e-01
2.348447711626494849e-01
1.597800430521848780e-01
1.016055967072233973e-01
2.197965184099536784e-01
2.946378502899026364e-01
1.943973912643152391e-01
1.315517921777951682e-01
5.640990512987714700e-02
1.804287854738050312e-01
2.272428734806436756e-01
1.724195954227231709e-01
2.491498276645243148e-01
2.236094113163265562e-01
1.489568830891412066e-01
1.703075557452264355e-01
1.370945079279241030e-01
2.140846232092885881e-01
2.314988093593873253e-01
1.993042173940449968e-01
1.918524482244029494e-01
2.099398724996562327e-01
1.941165960984331806e-01
2.117823222974041242e-01
2.763116803147240841e-01
1.189715531014047117e-01
1.613584457120596227e-01
1.652538871866877646e-01
1.300184968287159404e-01
1.251316528800258954e-01
1.213911814266007694e-01
1.846304917303801252e-01
2.148662364784783008e-01
3.614578344920857389e-02
1.127887994468014243e-01
1.879842421883012038e-01
1.033581424694191564e-01
2.143720770654400642e-01
2.646311423773421989e-01
1.735502882924059020e-01
1.460708201677460571e-01
1.901395396868730547e-01
2.366475106811782025e-01
2.004625593548261253e-01
2.015773472740189642e-01
1.615474506191103832e-01
2.239583826362074037e-01
1.598260228740005784e-01
2.511334564876285258e-01
6.395679581348617804e-02
2.193219939025794207e-01
1.373125771269857187e-01
2.107475603666489894e-01
4.843946593298076309e-02
1.995736976680380359e-01
1.385015811615963877e-01
1.908649071345346060e-01
1.965348303374459815e-01
2.394798311804196556e-01
1.494232404161716377e-01
1.686400625260806307e-01
1.655245588529840051e-01
1.491058379834652448e-01
2.206463621360546246e-01
2.419527299473696602e-01
1.068684757280467940e-01
1.952021059095919442e-01
2.632169663912903856e-01
1.889321015172329421e-01
2.422160161223844421e-01
1.702811405991473959e-01
1.397585813647194419e-01
2.091202083496049857e-01
2.308159436345747495e-01
2.158141187890663115e-01
2.456817508009652429e-01
1.207328811839306626e-01
2.367573862255584194e-01
1.956745170255972943e-01
1.463486765367331133e-01
1.865746482301770259e-01
1.750365812236467922e-01
1.500308452762084133e-01
1.709198728008995416e-01
1.304225663076623298e-01
2.603552718104945596e-01
2.083101232409214076e-01
1.627360239165601963e-01
1.561085604739084198e-01
2.493314461242242819e-01
1.873084572126547109e-01
1.329084494868088273e-01
2.056377063928477300e-01
1.537275759375367479e-01
8.027929050497713270e-02
2.434260029800066338e-01
2.275829932190904514e-01
1.428191505945835271e-01
8.689455461735200170e-02
1.753907471255180539e-01
1.793503993601084368e-01
2.185251945167864529e-01
2.264317220204234982e-01
1.760218076594006753e-01
2.179585218733930407e-01
2.360266666869153818e-01
1.643506272970729210e-01
1.953019295054538584e-01
2.185985088996621473e-01
1.491712851787958816e-01
8.760581709612251522e-02
2.298022920986655671e-01
1.569255463577407250e-01
2.349734486575725534e-01
1.545992973980215013e-01
1.080708653606398534e-01
1.009824254917813802e-01
2.174883171761047285e-01
1.564674821095664303e-01
1.124803687835549265e-01
1.281806304994279333e-01
1.522609475689264413e-01
2.220874851670477101e-01
1.975614626016480857e-01
2.205703934440074176e-01
2.016133966517788256e-01
1.891242719634595171e-01
1.775311323791318729e-01
2.278298663276832059e-01
4.276408657245060058e-02
8.567134151880968773e-02
1.923036288404013638e-01
1.956211367425296221e-01
1.530019715360941834e-01
2.006730700498205455e-01
1.041230625785383723e-01
2.166250263130184706e-01
1.671121465764722203e-01
2.511184837958052030e-01
1.106421688117961016e-01
2.495196435225907339e-01
1.071665465126099004e-01
1.247375763027809004e-01
1.740363522983650324e-01
3.446715296476902252e-02
1.613840680841238107e-01
1.400794467810866084e-01
2.339257856891543974e-01
1.544081548517642621e-01
2.483004785007423554e-01
2.502824675029843293e-01
1.625887165952221713e-01
9.731760430130796669e-02
2.487745632280086716e-01
9.899716216039447514e-02
1.487726175951688268e-01
2.154009791573871513e-01
6.915941286294551016e-02
