-9.559234619140625000e+01
-6.350948715209960938e+01
4.759745025634765625e+01
-7.248955535888671875e+01
-1.071188125610351562e+02
-8.625463104248046875e+01
-1.641987915039062500e+02
-1.554774169921875000e+02
-9.560314941406250000e+01
-1.231647186279296875e+02
-5.873022842407226562e+01
-1.159414749145507812e+02
-7.721092987060546875e+01
-1.129310760498046875e+02
-8.552791595458984375e+01
-1.107039184570312500e+02
-8.656483459472656250e+01
-7.984530639648437500e+01
4.094945907592773438e+01
-1.013626174926757812e+02
-5.917673110961914062e+01
-1.086425781250000000e+02
-9.676420593261718750e+01
-1.556189117431640625e+02
-9.730986022949218750e+01
-1.092602844238281250e+02
3.885269927978515625e+01
-7.740626525878906250e+01
-2.562886047363281250e+02
-8.883613586425781250e+01
-7.217456817626953125e+01
2.869988250732421875e+01
-8.449243164062500000e+01
-8.916339874267578125e+01
-6.968997192382812500e+01
-1.155196685791015625e+02
-9.861776733398437500e+01
-6.153647613525390625e+01
9.898029327392578125e+01
6.708265686035156250e+01
-4.865171432495117188e+01
-7.789683532714843750e+01
-8.132028198242187500e+01
-7.171714019775390625e+01
-9.852886962890625000e+01
-8.865892028808593750e+01
-1.184958267211914062e+02
-4.646409606933593750e+01
-7.056839752197265625e+01
8.103329467773437500e+01
-8.244701385498046875e+01
-6.760204315185546875e+01
-1.029122772216796875e+02
5.812061691284179688e+01
-1.187875595092773438e+02
-6.963917541503906250e+01
-1.161567535400390625e+02
-1.167723159790039062e+02
-9.419983673095703125e+01
-9.002110290527343750e+01
-9.029514312744140625e+01
-8.937516784667968750e+01
-1.257395095825195312e+02
-1.532405242919921875e+02
-1.070405883789062500e+02
-1.448601684570312500e+02
-7.580734252929687500e+01
-8.226123046875000000e+01
-8.026750183105468750e+01
8.072561645507812500e+01
-1.105424880981445312e+02
-7.663917541503906250e+01
-6.512360382080078125e+01
-6.914590454101562500e+01
-8.722879791259765625e+01
8.240783691406250000e+01
-9.682235717773437500e+01
-5.909573364257812500e+01
-6.576137542724609375e+01
-6.143065261840820312e+01
-5.657658386230468750e+01
-8.192057800292968750e+01
-6.270881652832031250e+01
-1.167922058105468750e+02
-7.841392517089843750e+01
-8.518229675292968750e+01
-2.219284973144531250e+02
-8.602230072021484375e+01
-6.999322509765625000e+01
-8.427208709716796875e+01
-6.737661743164062500e+01
-9.807511901855468750e+01
-5.087190246582031250e+01
-7.850850677490234375e+01
-1.171048126220703125e+02
-6.129626464843750000e+01
-5.955367279052734375e+01
-6.684635925292968750e+01
-9.595415496826171875e+01
-6.676560211181640625e+01
-1.549112396240234375e+02
-8.889305877685546875e+01
-9.967284393310546875e+01
-6.448600769042968750e+01
-1.514941406250000000e+02
8.559350585937500000e+01
-5.642583465576171875e+01
-6.817170715332031250e+01
-8.951194763183593750e+01
-9.351833343505859375e+01
4.523907089233398438e+01
-1.444426269531250000e+02
-1.171347427368164062e+02
-1.009551162719726562e+02
-1.090799179077148438e+02
-1.474975128173828125e+02
-1.327285461425781250e+02
-6.265986633300781250e+01
-9.133923339843750000e+01
-8.763204193115234375e+01
-1.117960205078125000e+02
-5.704574966430664062e+01
-1.083875503540039062e+02
-1.118963699340820312e+02
-6.514055633544921875e+01
-9.000189971923828125e+01
-7.253633880615234375e+01
-8.289574432373046875e+01
-1.060438308715820312e+02
-1.011824569702148438e+02
3.498657226562500000e+01
-6.159313583374023438e+01
-8.007019042968750000e+01
-1.199470596313476562e+02
-1.331776275634765625e+02
-1.272345962524414062e+02
3.387456512451171875e+01
-1.039031677246093750e+02
-6.490426635742187500e+01
-1.431509857177734375e+02
-9.933374786376953125e+01
-1.342128906250000000e+02
-7.580362701416015625e+01
-4.903047561645507812e+01
-8.277179718017578125e+01
-1.059878005981445312e+02
-5.406222534179687500e+01
-7.585295104980468750e+01
-9.382004547119140625e+01
8.421012115478515625e+01
-6.854347991943359375e+01
-1.033343505859375000e+02
9.954955291748046875e+01
1.233570861816406250e+01
-7.943653869628906250e+01
-4.943801116943359375e+01
-1.189599914550781250e+02
-8.892410278320312500e+01
-9.960506439208984375e+01
-1.227857818603515625e+02
-7.577564239501953125e+01
-1.558235931396484375e+02
-8.350516510009765625e+01
-7.309446716308593750e+01
-9.637326812744140625e+01
-4.902537536621093750e+01
-9.312610626220703125e+01
-8.582039642333984375e+01
-7.994495391845703125e+01
-9.581183624267578125e+01
-6.047335433959960938e+01
-6.375434112548828125e+01
-1.205503692626953125e+02
-1.144018402099609375e+02
-9.261598205566406250e+01
