2.945221220024824671e+00
3.135878765754778641e+00
3.118087616880246049e+00
2.383848804937177324e+00
3.055192124759802841e+00
2.969457290521677173e+00
2.969656869510004515e+00
2.607979065473381208e+00
2.640621443629995291e+00
2.956734506261736950e+00
3.088507650068749832e+00
2.978596469132323676e+00
2.458323343638570968e+00
2.876646927416440569e+00
2.372244192849518818e+00
2.868049452493427243e+00
1.872335623824495476e+00
2.992843084681403809e+00
2.739299712933766173e+00
2.803976338279075442e+00
2.565108227257291595e+00
2.541713858642006940e+00
2.594022762161503515e+00
2.783873544684197121e+00
2.176749694529059198e+00
3.122860688781350369e+00
2.920663096813661319e+00
2.575125343072255824e+00
2.980444795063990959e+00
3.037626688136946473e+00
2.770969047344694847e+00
2.795549883167903538e+00
2.459047693952825853e+00
2.995951507536618763e+00
2.205141727534989826e+00
3.113511505965839365e+00
2.576820671475674729e+00
3.099183751092131622e+00
1.782680357473715782e+00
3.118480676601230073e+00
2.364075383005647790e+00
2.755155011739380377e+00
2.943882085594222264e+00
2.790733540836263238e+00
2.728981572134426159e+00
2.799658917972590810e+00
2.521612260658771643e+00
3.123371798069959127e+00
2.913123822816331199e+00
2.598527066641986405e+00
3.065940134426903718e+00
3.040990523629990339e+00
3.121200001539307323e+00
2.462414628485637635e+00
2.702861802508541356e+00
2.501511479448778275e+00
2.810552910607738930e+00
2.997954093919745322e+00
2.619777316810087520e+00
2.862589842695865805e+00
2.917157513110064659e+00
1.989103708107612611e+00
2.451197127559891165e+00
2.402227732294817564e+00
3.092516178339161037e+00
2.888756508786707755e+00
3.006953223795420627e+00
2.854219653890509800e+00
2.423322358899823392e+00
2.496200606408461198e+00
2.912655610267653294e+00
2.768533925219879954e+00
2.709804984232278002e+00
2.844406638533802489e+00
2.712757538426034287e+00
2.438284379065125407e+00
2.807060963600988224e+00
3.036070004976904713e+00
2.886020940423421166e+00
3.072392651438459854e+00
2.825455376999619794e+00
2.471636753953175170e+00
2.617569261228540611e+00
2.681347863531247100e+00
2.819981234878717213e+00
2.997803860150692667e+00
1.595314567082935842e+00
2.727954902036170637e+00
3.109003921712819807e+00
3.083557722675099200e+00
1.894394376214019848e+00
3.098313144701782207e+00
2.719069467410362595e+00
3.106748042068822269e+00
2.858735996291702275e+00
2.225793121933729246e+00
3.117227639080585533e+00
2.826245909519884414e+00
2.123465801814272247e+00
2.385606325830154972e+00
3.059029393511356609e+00
2.181174518635744519e+00
2.791935828210297732e+00
3.105084330902898593e+00
3.141569418954201165e+00
2.385386861690547811e+00
2.836000692678818158e+00
2.514713012764523192e+00
2.683325633684562117e+00
3.041931668168488478e+00
2.682628580090995030e+00
2.116744416866662704e+00
2.874543740616341658e+00
1.618066535916649951e+00
1.669815373222576227e+00
2.361419446379488196e+00
2.698613751606067979e+00
3.021281085043095338e+00
3.077040344821746043e+00
2.817130130415811173e+00
1.896499099488889062e+00
2.267118721493176725e+00
2.339476923893514915e+00
2.863158500400659001e+00
2.825693845668590054e+00
2.990485746191392291e+00
2.247377358402512293e+00
2.787814982206363812e+00
2.665269898978717578e+00
2.762524974321127313e+00
2.370635174951599922e+00
2.725283676845028591e+00
2.397603373031813145e+00
1.503201377779292525e+00
2.221635130276562009e+00
2.754250994306619127e+00
3.111256362037353007e+00
2.992073596192538876e+00
2.278687340204467837e+00
3.071955650095806956e+00
1.611582542322788081e+00
2.518856724804932945e+00
3.107372926001221725e+00
2.893261245797456915e+00
2.788153932969830162e+00
2.695527073884159019e+00
3.038350036955860034e+00
2.807108475855328411e+00
2.982960038466478725e+00
2.583174654383833424e+00
2.651774432632061362e+00
2.942076826509514298e+00
2.968224541011996287e+00
1.870069782998410313e+00
2.786010825786514822e+00
2.989935450223282665e+00
2.387194238028904181e+00
3.065872143903220604e+00
2.960437319696862524e+00
2.645406727965875060e+00
1.813754146768027153e+00
2.962674937787630469e+00
3.077992779377376031e+00
2.982019034381742539e+00
2.673550254947999250e+00
2.456261429450437461e+00
3.102609030563007853e+00
2.749997255728174217e+00
2.904694752262224178e+00
3.000514905731892057e+00
3.034782578927372576e+00
2.829328440499693897e+00
2.122201541695266869e+00
3.064272369070545565e+00
2.942560802591454028e+00
