-9.716337585449218750e+01
-8.829481506347656250e+01
-5.726755142211914062e+01
-9.340314483642578125e+01
-9.855805206298828125e+01
-9.823594665527343750e+01
-6.887981414794921875e+01
9.217268371582031250e+01
-6.072191238403320312e+01
-1.162344741821289062e+02
-1.194791870117187500e+02
-1.227893524169921875e+02
-1.003901672363281250e+02
-9.935589599609375000e+01
-8.495507049560546875e+01
-8.314325714111328125e+01
-7.931327819824218750e+01
-7.327258300781250000e+01
-7.320964050292968750e+01
-7.695915985107421875e+01
-8.507231140136718750e+01
-9.241371154785156250e+01
-9.576358795166015625e+01
-1.476445007324218750e+02
-1.251984939575195312e+02
-1.165397567749023438e+02
-7.367627716064453125e+01
-7.674295043945312500e+01
-9.705509185791015625e+01
-1.479234313964843750e+02
-6.541543579101562500e+01
-1.080917129516601562e+02
-1.212920303344726562e+02
-7.938587188720703125e+01
-9.721134185791015625e+01
-9.777140045166015625e+01
-1.088038787841796875e+02
-7.806221771240234375e+01
-9.859347534179687500e+01
-7.817490386962890625e+01
-9.871616363525390625e+01
5.836364746093750000e+01
-1.088191604614257812e+02
-1.700386962890625000e+02
-8.354828643798828125e+01
-5.462557601928710938e+01
-1.105298233032226562e+02
-7.666101074218750000e+01
-1.055074920654296875e+02
-7.820497131347656250e+01
-7.730620574951171875e+01
-2.099889373779296875e+02
-8.100882720947265625e+01
-1.043315200805664062e+02
-1.055954895019531250e+02
-6.436713409423828125e+01
-8.268544769287109375e+01
-1.104833221435546875e+02
-7.490165710449218750e+01
-6.387900924682617188e+01
-1.026438522338867188e+02
-8.386424255371093750e+01
-1.104736557006835938e+02
-8.953806304931640625e+01
-6.756707763671875000e+01
-7.801156616210937500e+01
-6.967580413818359375e+01
-8.010383605957031250e+01
-1.280873413085937500e+02
-1.149912719726562500e+02
-8.799858856201171875e+01
4.410031890869140625e+01
-9.730001831054687500e+01
-1.120788955688476562e+02
3.957967376708984375e+01
-7.590220642089843750e+01
-7.274967956542968750e+01
-8.747729492187500000e+01
-1.035009002685546875e+02
-8.236585235595703125e+01
-9.170107269287109375e+01
-5.683607864379882812e+01
-8.891398620605468750e+01
-6.118400955200195312e+01
9.507278442382812500e+01
-1.350980682373046875e+02
-7.499838256835937500e+01
-2.096298217773437500e+02
-6.265992736816406250e+01
-7.767864990234375000e+01
-5.041751861572265625e+01
-1.276862869262695312e+02
-8.488610839843750000e+01
-6.165033340454101562e+01
-5.600637817382812500e+01
4.070824813842773438e+01
-8.297238159179687500e+01
-8.383140563964843750e+01
-8.954138946533203125e+01
-1.035226745605468750e+02
-9.444329833984375000e+01
-1.075284118652343750e+02
-1.359704132080078125e+02
-7.502072906494140625e+01
-8.865788269042968750e+01
-6.326042175292968750e+01
-6.529227447509765625e+01
-1.413900909423828125e+02
-7.402628326416015625e+01
-8.402994537353515625e+01
-6.185138320922851562e+01
-6.467183685302734375e+01
-9.118273925781250000e+01
-1.028645019531250000e+02
-1.079394836425781250e+02
-9.814920806884765625e+01
-1.950292205810546875e+02
-5.795027923583984375e+01
-8.307143402099609375e+01
7.043585205078125000e+01
-7.304859924316406250e+01
-9.540100097656250000e+01
-5.578221511840820312e+01
-7.446906280517578125e+01
-5.887446212768554688e+01
-7.268267822265625000e+01
-1.033148574829101562e+02
-1.873652343750000000e+02
-8.358476257324218750e+01
-1.093172912597656250e+02
-1.062123947143554688e+02
-6.989237976074218750e+01
-8.894163513183593750e+01
-7.515039062500000000e+01
-4.742107391357421875e+01
-8.316023254394531250e+01
7.480140686035156250e+00
-6.208585739135742188e+01
-7.089947509765625000e+01
-6.048784255981445312e+01
4.334416198730468750e+01
-9.325397491455078125e+01
-6.194814300537109375e+01
-1.108338851928710938e+02
-1.021003799438476562e+02
-8.472332763671875000e+01
-6.296150207519531250e+01
-9.326644897460937500e+01
-1.270004425048828125e+02
-1.109782257080078125e+02
-9.833159637451171875e+01
-9.828595733642578125e+01
-7.809268188476562500e+01
-1.422974395751953125e+02
-8.191728973388671875e+01
-5.415382766723632812e+01
-8.653208923339843750e+01
-9.863715362548828125e+01
-1.205267639160156250e+02
-9.778404998779296875e+01
-6.433274078369140625e+01
-1.057795104980468750e+02
-9.897502136230468750e+01
-8.467919921875000000e+01
-1.734722442626953125e+02
-9.664381408691406250e+01
-7.556639862060546875e+01
7.223435211181640625e+01
-9.389962768554687500e+01
-9.821977996826171875e+01
-6.872313690185546875e+01
-1.285392761230468750e+01
-8.875588989257812500e+01
7.622637939453125000e+01
-5.833130645751953125e+01
-1.319451141357421875e+02
-8.477413940429687500e+01
-5.129930877685546875e+01
-1.018052062988281250e+02
-8.809378814697265625e+01
-8.663368988037109375e+01
-8.166133117675781250e+01
-7.047835540771484375e+01
-1.204411315917968750e+02
-6.058254623413085938e+01
-7.978901672363281250e+01
-1.005708770751953125e+02
-8.281483459472656250e+01
-1.383386230468750000e+02
-9.437921142578125000e+01
-7.849436187744140625e+01
-7.536230468750000000e+01
-6.131546020507812500e+01
-7.427635192871093750e+01
4.818792343139648438e+01
-5.248186492919921875e+01
-8.719274139404296875e+01
-9.870381164550781250e+01
-1.008127212524414062e+02
3.628427886962890625e+01
-6.610319519042968750e+01
-8.435037231445312500e+01
-7.899246978759765625e+01
-5.713718032836914062e+01
-7.403724670410156250e+01
-1.035729141235351562e+02
-8.541148376464843750e+01
-7.552943420410156250e+01
-1.196331176757812500e+02
-7.707519531250000000e+01
-1.385351257324218750e+02
-1.321918334960937500e+02
-8.494291687011718750e+01
-6.916019439697265625e+01
-9.645309448242187500e+01
-7.243758392333984375e+01
-8.026261901855468750e+01
-1.175973281860351562e+02
-7.770279693603515625e+01
-9.837384033203125000e+01
-1.315895385742187500e+02
-8.530954742431640625e+01
-9.344092559814453125e+01
-1.199667816162109375e+02
-1.007842178344726562e+02
-4.385515975952148438e+01
-7.390327453613281250e+01
-5.396916198730468750e+01
4.564302062988281250e+01
-6.273892211914062500e+01
-5.783460235595703125e+01
-1.150085678100585938e+02
-4.157579421997070312e+01
-7.764792633056640625e+01
-7.203856658935546875e+01
-7.543042755126953125e+01
-7.644917297363281250e+01
-6.749515533447265625e+01
-6.605873107910156250e+01
-1.456220245361328125e+02
-9.260010528564453125e+01
-9.224284362792968750e+01
-1.275860671997070312e+02
-1.370206451416015625e+02
-3.632345962524414062e+01
-7.142176055908203125e+01
-7.571847534179687500e+01
-1.155714950561523438e+02
-1.387947235107421875e+02
-1.225796051025390625e+02
-9.553725433349609375e+01
-9.930390167236328125e+01
-1.090308227539062500e+02
-7.462121582031250000e+01
-4.625775527954101562e+01
-6.959790802001953125e+01
-6.279695129394531250e+01
-1.204999160766601562e+02
-7.943568420410156250e+01
-9.172747802734375000e+01
-1.021894989013671875e+02
-6.602839660644531250e+01
-7.767975616455078125e+01
-4.075843811035156250e+01
-7.493811798095703125e+01
5.989018630981445312e+01
-9.995053863525390625e+01
-8.691475677490234375e+01
-6.430638885498046875e+01
-7.209047698974609375e+01
-6.807331848144531250e+01
-1.249760055541992188e+02
-5.238953399658203125e+01
-8.664387512207031250e+01
-9.243968963623046875e+01
-7.705622100830078125e+01
-5.801954269409179688e+01
-5.923981094360351562e+01
-8.324746704101562500e+01
-6.257027053833007812e+01
-7.416460418701171875e+01
-7.476325988769531250e+01
-5.452462768554687500e+01
-6.631537628173828125e+01
-8.585479736328125000e+01
-5.220935440063476562e+01
-9.100418090820312500e+01
-7.897146606445312500e+01
-1.221269226074218750e+02
-6.204268264770507812e+01
-1.626440124511718750e+02
-7.196921539306640625e+01
-7.648500823974609375e+01
-1.047537765502929688e+02
-8.793542480468750000e+01
-6.727359008789062500e+01
-5.521300125122070312e+01
-6.430484771728515625e+01
-9.881033325195312500e+01
-7.164868927001953125e+01
-5.666565704345703125e+01
-1.081978454589843750e+02
-7.773757171630859375e+01
-6.161264038085937500e+01
4.104278945922851562e+01
-1.118658981323242188e+02
-5.661881256103515625e+01
-9.025031280517578125e+01
-1.122956542968750000e+02
-5.470906829833984375e+01
-7.421514892578125000e+01
-5.404158401489257812e+01
-9.503868103027343750e+01
-6.171558380126953125e+01
-1.110650787353515625e+02
-6.389314270019531250e+01
-9.398213958740234375e+01
-1.216943893432617188e+02
-6.437054443359375000e+01
-7.921049499511718750e+01
-5.184439086914062500e+01
-7.200051116943359375e+01
-1.106706085205078125e+02
-4.900071716308593750e+01
-6.500868225097656250e+01
-7.593239593505859375e+01
-6.813240051269531250e+01
-1.014778671264648438e+02
-1.214777450561523438e+02
4.718874740600585938e+01
-1.151527099609375000e+02
-4.368584823608398438e+01
-8.128247833251953125e+01
-7.255916595458984375e+01
-9.795708465576171875e+01
-4.360697174072265625e+01
-9.420742797851562500e+01
-6.985704803466796875e+01
-6.352114105224609375e+01
-7.261280059814453125e+01
-8.997459411621093750e+01
-7.947588348388671875e+01
-5.664266967773437500e+01
-5.544837188720703125e+01
-8.663675689697265625e+01
-7.778157043457031250e+01
-5.450124359130859375e+01
-9.968693542480468750e+01
-7.770574951171875000e+01
-7.747432708740234375e+01
-1.211267471313476562e+02
-8.842249298095703125e+01
-5.836298751831054688e+01
-9.942964935302734375e+01
-1.082925415039062500e+02
-5.530207443237304688e+01
-6.583626556396484375e+01
-8.569729614257812500e+01
-7.076470184326171875e+01
-1.010643081665039062e+02
-4.087855148315429688e+01
-1.423436737060546875e+02
-7.950141906738281250e+01
-7.746722412109375000e+01
-1.087888259887695312e+02
-5.137590408325195312e+01
-6.110750961303710938e+01
-6.986404418945312500e+01
-1.243733367919921875e+02
-6.183850479125976562e+01
-6.959186553955078125e+01
-6.637738037109375000e+01
-7.325620269775390625e+01
-9.309543609619140625e+01
-1.097463073730468750e+02
-9.906890106201171875e+01
-7.213493347167968750e+01
-9.416631317138671875e+01
-7.699588012695312500e+01
4.398402786254882812e+01
-8.912615966796875000e+01
-1.048986129760742188e+02
-7.092060852050781250e+01
-1.031922836303710938e+02
-9.069871520996093750e+01
-6.001641464233398438e+01
-8.791843414306640625e+01
-9.226734161376953125e+01
-7.464467620849609375e+01
-9.584629058837890625e+01
-5.931149291992187500e+01
-6.509812164306640625e+01
-1.141217880249023438e+02
-5.474481964111328125e+01
-1.376217041015625000e+02
-7.064883422851562500e+01
-6.075982666015625000e+01
-8.284942626953125000e+01
-8.067893218994140625e+01
-5.813239669799804688e+01
-7.943511962890625000e+01
-7.690850830078125000e+01
-7.003174591064453125e+01
-8.041773223876953125e+01
-4.040747833251953125e+01
-6.863597869873046875e+01
-9.383322143554687500e+01
-8.140969085693359375e+01
-8.260777282714843750e+01
-7.262867736816406250e+01
-8.848890686035156250e+01
-7.992078399658203125e+01
-6.851425933837890625e+01
-6.435217285156250000e+01
-9.674684906005859375e+01
-8.988084411621093750e+01
-1.090528488159179688e+02
-7.893316650390625000e+01
-7.894083404541015625e+01
-7.728060150146484375e+01
-8.747197723388671875e+01
-1.104638824462890625e+02
-1.027835311889648438e+02
-1.198818740844726562e+02
8.192353057861328125e+01
-7.717066955566406250e+01
-7.489813995361328125e+01
-9.574938201904296875e+01
-5.711743545532226562e+01
-9.252909851074218750e+01
4.689697265625000000e+00
-1.230434722900390625e+02
-5.249542999267578125e+01
-1.436803894042968750e+02
-1.489167480468750000e+02
-7.585238647460937500e+01
-7.391773223876953125e+01
-7.398563385009765625e+01
-7.839788818359375000e+01
-7.114389038085937500e+01
-8.667697906494140625e+01
-7.363395690917968750e+01
-6.506242370605468750e+01
-8.575821685791015625e+01
6.567370605468750000e+01
-8.517677307128906250e+01
-8.920057678222656250e+01
-5.044743728637695312e+01
-9.599147033691406250e+01
-5.779099655151367188e+01
-1.018222045898437500e+02
-6.806956481933593750e+01
-6.525170898437500000e+01
-1.037352218627929688e+02
-8.665742492675781250e+01
-1.207563629150390625e+02
-9.977424621582031250e+01
-7.622318267822265625e+01
-8.389563751220703125e+01
-7.664316558837890625e+01
-6.377035522460937500e+01
-9.761773681640625000e+01
-9.024560546875000000e+01
-4.811806488037109375e+01
-9.359841156005859375e+01
-9.448738098144531250e+01
-5.000467681884765625e+01
-9.381513214111328125e+01
-8.308373260498046875e+01
-7.871183776855468750e+01
-6.200576400756835938e+01
-8.329740142822265625e+01
-5.976496887207031250e+01
-7.903344726562500000e+01
-8.170050048828125000e+01
-1.167250137329101562e+02
-7.119909667968750000e+01
-8.682330322265625000e+01
-9.238595581054687500e+01
-1.603734893798828125e+02
9.905099487304687500e+01
-6.950643157958984375e+01
-8.315889739990234375e+01
-6.736080169677734375e+01
-5.381570434570312500e+01
-1.599498443603515625e+02
-2.217465362548828125e+02
-8.783752441406250000e+01
-5.986265945434570312e+01
-7.758710479736328125e+01
-6.233687210083007812e+01
-9.750789642333984375e+01
-8.538410949707031250e+01
-9.847856140136718750e+01
-7.850325775146484375e+01
-2.290054321289062500e+02
-5.344157409667968750e+01
-7.888966369628906250e+01
-7.379546356201171875e+01
-6.213242721557617188e+01
-6.335039901733398438e+01
-8.437351226806640625e+01
-7.188484191894531250e+01
-7.104173278808593750e+01
-9.111473846435546875e+01
-5.047096633911132812e+01
-6.369144821166992188e+01
-1.106288452148437500e+02
-6.606917572021484375e+01
-1.677257232666015625e+02
-5.181272506713867188e+01
-5.523825836181640625e+01
-9.520991516113281250e+01
-9.390543365478515625e+01
-8.483343505859375000e+01
-1.006457672119140625e+02
-1.036524581909179688e+02
-5.526957702636718750e+01
-8.916891479492187500e+01
-6.114415740966796875e+01
-1.550400848388671875e+02
-7.153301239013671875e+01
-1.361770324707031250e+02
-1.255148925781250000e+02
-9.032595825195312500e+01
-9.931230163574218750e+01
-9.136705780029296875e+01
-7.437172698974609375e+01
-8.550462341308593750e+01
-8.087329864501953125e+01
-7.513594818115234375e+01
-6.555545043945312500e+01
-9.620100402832031250e+01
-1.144013977050781250e+02
-8.737810516357421875e+01
-4.245348739624023438e+01
-8.397317504882812500e+01
-6.012260055541992188e+01
-5.879430007934570312e+01
-8.622186279296875000e+01
-7.459567260742187500e+01
-1.002336654663085938e+02
-7.866497802734375000e+01
-9.835216522216796875e+01
-6.327120590209960938e+01
-7.626758575439453125e+01
-5.058623504638671875e+01
-7.881871795654296875e+01
-7.020288085937500000e+01
-8.234326934814453125e+01
-8.666599273681640625e+01
-6.542455291748046875e+01
-8.158547973632812500e+01
-6.985643005371093750e+01
-5.663220214843750000e+01
-6.098762512207031250e+01
-8.995877075195312500e+01
-1.174278793334960938e+02
-8.858767700195312500e+01
-6.528680419921875000e+01
-9.559851837158203125e+01
-5.320238494873046875e+01
-5.617691802978515625e+01
-4.696678924560546875e+01
-1.723428344726562500e+02
-1.253186874389648438e+02
-1.157017745971679688e+02
-6.107123184204101562e+01
-6.560089874267578125e+01
-7.909651184082031250e+01
-5.714927291870117188e+01
-5.127820587158203125e+01
-7.102076721191406250e+01
-8.346643066406250000e+01
-9.001350402832031250e+01
-5.187477111816406250e+01
5.219874954223632812e+01
-8.965493774414062500e+01
-6.847505187988281250e+01
-1.912340240478515625e+02
-6.098273468017578125e+01
-5.722868728637695312e+01
-7.530486297607421875e+01
3.508794403076171875e+01
-3.876226425170898438e+01
-7.709653472900390625e+01
6.543185424804687500e+01
-7.666263580322265625e+01
-7.820629882812500000e+01
-9.358032226562500000e+01
-9.388890075683593750e+01
-1.844167785644531250e+02
-9.823999786376953125e+01
-2.642021179199218750e+00
-7.708573150634765625e+01
-9.076609039306640625e+01
-7.898525238037109375e+01
-7.714833831787109375e+01
-6.804816436767578125e+01
9.890388488769531250e+01
-8.205577087402343750e+01
-5.953934478759765625e+01
-9.076595306396484375e+01
-7.083945465087890625e+01
-8.293223571777343750e+01
-5.581703186035156250e+01
-9.333300018310546875e+01
-8.841485595703125000e+01
-5.280568313598632812e+01
-7.367103576660156250e+01
-7.633612823486328125e+01
-7.856260681152343750e+01
-7.112389373779296875e+01
-6.560675811767578125e+01
-1.125338821411132812e+02
1.232761383056640625e+01
-3.729212188720703125e+01
-1.209725723266601562e+02
-8.328335571289062500e+01
7.573493194580078125e+01
-9.201906585693359375e+01
-7.651398468017578125e+01
-1.108590240478515625e+02
-9.773684692382812500e+01
-7.818336486816406250e+01
-9.689451599121093750e+01
-3.787268829345703125e+01
-7.448001861572265625e+01
-8.777148437500000000e+01
-6.812810516357421875e+01
-9.620582580566406250e+01
-8.545523071289062500e+01
-9.177901458740234375e+01
-8.586772155761718750e+01
-7.682348632812500000e+01
-9.455937194824218750e+01
-8.390868377685546875e+01
-6.079525756835937500e+01
-6.107393264770507812e+01
-1.090369491577148438e+02
-9.354589843750000000e+01
-9.062120819091796875e+01
-1.538217620849609375e+02
-9.595380401611328125e+01
-5.103852844238281250e+01
-7.125985717773437500e+01
-4.866152954101562500e+01
-1.181542434692382812e+02
-5.591538619995117188e+01
-7.376480102539062500e+01
-1.221822814941406250e+02
-6.426351928710937500e+01
-1.469651947021484375e+02
-6.819426727294921875e+01
-5.084888076782226562e+01
-5.972299575805664062e+01
-1.114052658081054688e+02
-8.300048065185546875e+01
-5.189812088012695312e+01
-1.121740036010742188e+02
-7.501353454589843750e+01
-8.661101531982421875e+01
-1.132012863159179688e+02
-9.593795776367187500e+01
-8.595584869384765625e+01
-5.372962188720703125e+01
-8.862043762207031250e+01
-6.769528961181640625e+01
-7.856457519531250000e+01
-9.763624572753906250e+01
-1.217478485107421875e+02
-6.634853363037109375e+01
-1.512496032714843750e+02
-7.802362823486328125e+01
-9.340232849121093750e+01
-8.731432342529296875e+01
-5.525006103515625000e+01
-8.558908843994140625e+01
