-1.501558685302734375e+02
-1.576297912597656250e+02
-1.410282135009765625e+02
-1.207690811157226562e+02
-9.747360992431640625e+01
-1.717574005126953125e+02
-1.744582977294921875e+02
-1.069812927246093750e+02
-1.246396026611328125e+02
-1.554784851074218750e+02
-1.001339950561523438e+02
-8.979966735839843750e+01
-8.586600494384765625e+01
-1.268041839599609375e+02
-1.946406402587890625e+02
-1.108567047119140625e+02
-9.728672790527343750e+01
-1.230143737792968750e+02
-1.057095565795898438e+02
-7.519770050048828125e+01
-1.075238265991210938e+02
-7.855509185791015625e+01
-9.400233459472656250e+01
-1.147314453125000000e+02
-1.459143371582031250e+02
-1.111001358032226562e+02
-1.466057281494140625e+02
-1.110583496093750000e+02
-1.318164520263671875e+02
-1.877863922119140625e+02
-1.093473510742187500e+02
-1.264136810302734375e+02
-9.918116760253906250e+01
-1.343701629638671875e+02
-8.071701812744140625e+01
-1.502057037353515625e+02
-9.074346923828125000e+01
-1.185787353515625000e+02
-9.566168975830078125e+01
-7.083283996582031250e+01
-8.041794586181640625e+01
-1.279950408935546875e+02
-1.327255096435546875e+02
-1.229036865234375000e+02
-1.890964813232421875e+02
-8.456263732910156250e+01
-6.331620025634765625e+01
-1.010330352783203125e+02
-1.609833984375000000e+02
-9.441427612304687500e+01
-1.323245697021484375e+02
-9.352811431884765625e+01
-1.534534301757812500e+02
-1.301559448242187500e+02
-1.013852996826171875e+02
-1.165970687866210938e+02
-1.417701568603515625e+02
-1.018901596069335938e+02
-1.024085617065429688e+02
-9.842326354980468750e+01
-1.116932525634765625e+02
-1.224875106811523438e+02
-1.238925628662109375e+02
-1.144254760742187500e+02
-1.049524612426757812e+02
-1.263384628295898438e+02
-1.047048492431640625e+02
-8.366023254394531250e+01
-7.225205993652343750e+01
-1.166973037719726562e+02
-8.252737426757812500e+01
-1.496960296630859375e+02
-1.158911666870117188e+02
-1.276238632202148438e+02
-6.021663284301757812e+01
-1.155116424560546875e+02
-6.893201446533203125e+01
-1.742589874267578125e+02
-6.532596588134765625e+01
-1.682500305175781250e+02
-8.849571990966796875e+01
-9.256550598144531250e+01
-1.220758514404296875e+02
-1.363628234863281250e+02
-7.535911560058593750e+01
-6.459197998046875000e+01
-7.069862365722656250e+01
-1.187162628173828125e+02
-6.614339447021484375e+01
-1.035136184692382812e+02
-7.073171234130859375e+01
-9.463216400146484375e+01
-1.056389389038085938e+02
-9.670042419433593750e+01
-6.658866119384765625e+01
-9.086157226562500000e+01
-8.944657897949218750e+01
-7.896896362304687500e+01
-8.249463653564453125e+01
-9.470955657958984375e+01
-7.582456207275390625e+01
-1.170000000000000000e+02
-1.106822280883789062e+02
-9.036193084716796875e+01
-1.017028884887695312e+02
-7.162896728515625000e+01
-6.434445953369140625e+01
-1.090091552734375000e+02
-1.166881637573242188e+02
-6.566378784179687500e+01
-7.500122833251953125e+01
-8.247896575927734375e+01
-8.707411193847656250e+01
-7.049813842773437500e+01
-1.055593414306640625e+02
-6.409630584716796875e+01
-9.897307586669921875e+01
-9.351667022705078125e+01
-7.117283630371093750e+01
4.757231140136718750e+01
-1.057693557739257812e+02
-6.862477111816406250e+01
-6.498810577392578125e+01
-9.603084564208984375e+01
-1.195582809448242188e+02
-6.724085235595703125e+01
4.071858215332031250e+01
-6.346975326538085938e+01
-1.085990066528320312e+02
-7.036614990234375000e+01
-1.034235534667968750e+02
-1.000215225219726562e+02
-1.233370437622070312e+02
-1.409565887451171875e+02
-9.933798217773437500e+01
-9.367140960693359375e+01
-7.872285461425781250e+01
-9.821216583251953125e+01
-7.809699249267578125e+01
-9.455408477783203125e+01
-1.026067886352539062e+02
-1.059773254394531250e+02
-1.044772338867187500e+02
-1.025299530029296875e+02
-9.831613922119140625e+01
-8.883155822753906250e+01
-7.664902496337890625e+01
3.838859176635742188e+01
-7.598767089843750000e+01
-4.693278503417968750e+01
-1.026236648559570312e+02
-1.200358657836914062e+02
-8.432431793212890625e+01
-8.688690185546875000e+01
-5.182637405395507812e+01
-5.296316909790039062e+01
3.883005523681640625e+01
-6.401649475097656250e+01
-6.582968902587890625e+01
-1.075068130493164062e+02
-1.052055053710937500e+02
-1.254503326416015625e+02
-8.526557922363281250e+01
-7.508457183837890625e+01
-1.677600250244140625e+02
7.773612976074218750e+01
-9.951908111572265625e+01
-1.573830871582031250e+02
-9.638147735595703125e+01
-1.017039947509765625e+02
-1.087976379394531250e+02
-1.113544082641601562e+02
-7.375226593017578125e+01
-9.173303222656250000e+01
-5.507172393798828125e+01
-4.930121994018554688e+01
-1.248836898803710938e+02
7.463489532470703125e+01
-7.482134246826171875e+01
-6.556126403808593750e+01
-8.432888031005859375e+01
-9.172536468505859375e+01
-1.137074279785156250e+02
-5.132418823242187500e+01
-1.236904525756835938e+02
-6.465107727050781250e+01
-4.837919235229492188e+01
-8.658519744873046875e+01
-8.330706787109375000e+01
-1.154165649414062500e+02
-8.239852142333984375e+01
-9.716448974609375000e+01
-9.600037384033203125e+01
-1.175440979003906250e+02
-1.542621765136718750e+02
-1.103299179077148438e+02
-5.325329589843750000e+01
-8.762745666503906250e+01
-1.006985321044921875e+02
4.621363449096679688e+01
-9.408494567871093750e+01
-6.373539352416992188e+01
-1.095638351440429688e+02
-8.031885528564453125e+01
-8.971899414062500000e+01
-6.743928527832031250e+01
-6.038906097412109375e+01
-9.769046783447265625e+01
-1.078790130615234375e+02
-6.429096221923828125e+01
-8.020790863037109375e+01
-8.484595489501953125e+01
-8.379032897949218750e+01
-6.987519073486328125e+01
-1.225350952148437500e+02
-4.516712570190429688e+01
-7.156928253173828125e+01
-8.626405334472656250e+01
-8.219506072998046875e+01
-1.052068252563476562e+02
-5.733639144897460938e+01
-5.954524993896484375e+01
-6.022006225585937500e+01
-5.520541381835937500e+01
-6.684111785888671875e+01
-1.527178039550781250e+02
-9.216205596923828125e+01
-9.334207916259765625e+01
-6.052903747558593750e+01
-8.582747650146484375e+01
-5.688365554809570312e+01
-6.612263488769531250e+01
-6.390946578979492188e+01
-5.772892379760742188e+01
9.933334350585937500e+00
-5.582626342773437500e+01
-7.709458160400390625e+01
-8.418289184570312500e+01
-6.175166702270507812e+01
-8.726660156250000000e+01
-1.004571914672851562e+02
-6.902935791015625000e+01
-1.084214096069335938e+02
8.739345550537109375e+01
-9.013772583007812500e+01
-6.391984939575195312e+01
-7.454976654052734375e+01
-4.592632293701171875e+01
-8.296765136718750000e+01
-5.754423904418945312e+01
-1.044649353027343750e+02
-9.345986938476562500e+01
-1.051579284667968750e+02
-6.602560424804687500e+01
-9.620796203613281250e+01
-7.656568145751953125e+01
-1.262654800415039062e+02
-7.996414184570312500e+01
-1.262119522094726562e+02
-9.211558532714843750e+01
-4.995148849487304688e+01
-1.354179382324218750e+02
-6.842050933837890625e+01
-8.555860900878906250e+01
-1.446748199462890625e+02
-7.576742553710937500e+01
-8.028717041015625000e+01
-8.231779479980468750e+01
-5.019834518432617188e+01
-8.809738159179687500e+01
9.026510620117187500e+01
-1.002799682617187500e+02
-8.436813354492187500e+01
-7.648937225341796875e+01
2.088837432861328125e+01
-6.338589859008789062e+01
-7.174452209472656250e+01
-7.245036315917968750e+01
-6.173862457275390625e+01
-7.424812316894531250e+01
-6.287289428710937500e+01
-7.916484832763671875e+01
-6.042510986328125000e+01
-8.137102508544921875e+01
4.393493652343750000e+01
-9.922099304199218750e+01
-1.248095397949218750e+02
-9.432422637939453125e+01
-1.075248031616210938e+02
-7.413700866699218750e+01
-4.789582061767578125e+01
-7.067997741699218750e+01
8.401450347900390625e+01
-1.376184539794921875e+02
-8.788343811035156250e+01
-1.032481765747070312e+02
-9.553372955322265625e+01
-8.076011657714843750e+01
-7.333486175537109375e+01
-8.418319702148437500e+01
-9.020637512207031250e+01
-1.039390411376953125e+02
-1.010768432617187500e+02
-8.441113281250000000e+01
-9.064569854736328125e+01
-6.559420776367187500e+01
-7.726303863525390625e+01
-9.565053558349609375e+01
-6.922902679443359375e+01
-7.050559234619140625e+01
-7.019052886962890625e+01
-8.445792388916015625e+01
-1.284434967041015625e+02
-4.983025360107421875e+01
-4.624551010131835938e+01
6.800288391113281250e+01
-8.950103759765625000e+01
-7.894086456298828125e+01
-7.465954589843750000e+01
-7.735354614257812500e+01
-5.182203674316406250e+01
-5.644256210327148438e+01
-7.676587677001953125e+01
-8.259090423583984375e+01
-1.361790008544921875e+02
-1.433540039062500000e+02
-5.253423690795898438e+01
-9.447615051269531250e+01
-8.940389251708984375e+01
-7.666876983642578125e+01
-9.924835205078125000e+01
-1.308651428222656250e+02
-6.993648529052734375e+01
-5.662929916381835938e+01
-4.919155120849609375e+01
-7.622974395751953125e+01
-8.041197967529296875e+01
-7.869954681396484375e+01
-6.502001190185546875e+01
-9.647968292236328125e+01
-6.263743209838867188e+01
-7.343929290771484375e+01
-1.233245086669921875e+02
-5.742473220825195312e+01
-4.395157241821289062e+01
-6.112911605834960938e+01
-6.459698486328125000e+01
-8.103271484375000000e+01
-5.158759689331054688e+01
-8.362848663330078125e+01
-7.646868133544921875e+01
-5.834418487548828125e+01
-5.709936141967773438e+01
-7.046016693115234375e+01
-8.112560272216796875e+01
-7.113763427734375000e+01
-8.744651794433593750e+01
-7.525596618652343750e+01
-7.425330352783203125e+01
-1.145471801757812500e+02
-7.894208526611328125e+01
6.278610229492187500e+01
-9.079811859130859375e+01
-1.199853286743164062e+02
4.495223617553710938e+01
-7.962920379638671875e+01
-8.374549102783203125e+01
-7.648335266113281250e+01
-5.862406539916992188e+01
-8.903743743896484375e+01
-5.963835525512695312e+01
-7.736187744140625000e+01
-8.074578094482421875e+01
-1.298863830566406250e+02
-1.537189941406250000e+02
-1.041992111206054688e+02
-1.029843597412109375e+02
-8.744577026367187500e+01
-9.776390838623046875e+01
-5.245902252197265625e+01
-8.598970031738281250e+01
-8.591763305664062500e+01
-6.311548614501953125e+01
-6.858097839355468750e+01
-1.024475860595703125e+02
-8.623387908935546875e+01
-1.009025268554687500e+02
-4.534188461303710938e+01
2.896585845947265625e+01
4.562861633300781250e+01
-7.579521942138671875e+01
-1.207419509887695312e+02
-1.104651412963867188e+02
-4.354644775390625000e+01
-7.222578430175781250e+01
-9.689307403564453125e+01
-1.325326843261718750e+02
-5.849375534057617188e+01
-8.767563629150390625e+01
-8.008538055419921875e+01
-9.385968780517578125e+01
-7.969617462158203125e+01
-6.386672592163085938e+01
-9.582260894775390625e+01
-7.186553955078125000e+01
-5.771871185302734375e+01
-6.733750915527343750e+01
-6.286545944213867188e+01
-4.968502044677734375e+01
-1.432960815429687500e+02
-8.225966644287109375e+01
-7.874461364746093750e+01
-7.569547271728515625e+01
-7.512023162841796875e+01
-8.465237426757812500e+01
-1.030783386230468750e+02
-8.208248901367187500e+01
-7.142747497558593750e+01
-6.023361968994140625e+01
-7.101404571533203125e+01
-1.716024475097656250e+02
-1.000366516113281250e+02
6.081805419921875000e+01
-1.115742568969726562e+02
5.239786529541015625e+01
-4.966551589965820312e+01
-8.930381774902343750e+01
-8.173404693603515625e+01
-8.568624114990234375e+01
-7.784714508056640625e+01
-8.357548522949218750e+01
-7.184177398681640625e+01
-1.212685165405273438e+02
-6.566443634033203125e+01
-1.023370971679687500e+02
-8.508778381347656250e+01
-7.586495971679687500e+01
-7.391011047363281250e+01
-1.106064758300781250e+02
-7.340264129638671875e+01
-1.112269363403320312e+02
5.760562133789062500e+01
-9.581210327148437500e+01
-5.285533142089843750e+01
-1.145873641967773438e+02
9.171398925781250000e+01
-5.702598571777343750e+01
-6.924065399169921875e+01
-6.835501098632812500e+01
-1.098834762573242188e+02
-7.193202972412109375e+01
-1.491757354736328125e+02
-9.267715454101562500e+01
-1.160596771240234375e+02
-8.534365081787109375e+01
-8.063591766357421875e+01
-9.792852020263671875e+01
-5.910268783569335938e+01
-6.563742828369140625e+01
-8.246654510498046875e+01
-1.317965545654296875e+02
-5.080486679077148438e+01
-8.897354888916015625e+01
9.503154754638671875e+01
-8.309871673583984375e+01
-3.927751159667968750e+01
-6.459881591796875000e+01
-7.271768951416015625e+01
7.706054687500000000e+00
-7.231035614013671875e+01
9.363050842285156250e+01
-7.239515686035156250e+01
-5.839521789550781250e+01
-6.275000000000000000e+01
6.237119674682617188e+01
-1.018737258911132812e+02
-9.785051727294921875e+01
-1.010513992309570312e+02
-7.758971405029296875e+01
-8.072370147705078125e+01
-4.255443572998046875e+01
-1.019218750000000000e+02
-8.049337768554687500e+01
-8.610162353515625000e+01
-7.195658111572265625e+01
-8.180670928955078125e+01
-9.934213256835937500e+01
-8.069067382812500000e+01
-7.303641510009765625e+01
-5.664476394653320312e+01
-9.277548217773437500e+01
-5.258927536010742188e+01
-5.491703033447265625e+01
-4.771999359130859375e+01
-8.610453796386718750e+01
-1.130821228027343750e+02
-7.491783905029296875e+01
-1.150554885864257812e+02
-6.215329360961914062e+01
-9.737924194335937500e+01
-1.239698257446289062e+02
-9.656123352050781250e+01
-6.027437591552734375e+01
6.696908569335937500e+01
-6.905167388916015625e+01
-5.172724914550781250e+01
-2.824458007812500000e+02
-1.068418273925781250e+02
-6.200002288818359375e+01
-8.870619201660156250e+01
-7.249226379394531250e+01
-9.545371246337890625e+01
-4.958835983276367188e+01
7.994490814208984375e+01
3.546431732177734375e+01
-5.912250137329101562e+01
-6.231064605712890625e+01
-9.769528198242187500e+01
-1.309851684570312500e+02
-4.290556716918945312e+01
-6.620664978027343750e+01
-1.292010345458984375e+02
-5.350098419189453125e+01
-9.847446441650390625e+01
-7.094178771972656250e+01
-9.592931365966796875e+01
-1.008982086181640625e+02
5.027396774291992188e+01
-8.703750610351562500e+01
-7.230287170410156250e+01
-7.571500396728515625e+01
-1.024932632446289062e+02
-1.424428405761718750e+02
-6.077538681030273438e+01
-6.598037719726562500e+01
3.823822021484375000e+01
-1.284054870605468750e+02
-4.766368484497070312e+01
-9.036819458007812500e+01
3.628463745117187500e+01
-1.250688705444335938e+02
-7.677101135253906250e+01
-1.817508239746093750e+02
-5.223072433471679688e+01
-1.107307281494140625e+02
-1.121559295654296875e+02
-1.113333206176757812e+02
-1.765680847167968750e+02
-5.847032928466796875e+01
-6.076565933227539062e+01
-1.077127532958984375e+02
-5.946837234497070312e+01
-7.758880615234375000e+01
1.009085540771484375e+02
-8.095564270019531250e+01
-8.199307250976562500e+01
-1.020995712280273438e+02
-8.251055145263671875e+01
7.895378112792968750e+01
-7.898929595947265625e+01
-8.581921386718750000e+01
-3.899948120117187500e+01
-7.202333068847656250e+01
-9.114097595214843750e+01
-6.247330856323242188e+01
-8.240353393554687500e+01
-6.606623840332031250e+01
-7.328627777099609375e+01
7.040055847167968750e+01
-5.219559860229492188e+01
-4.723450851440429688e+01
-9.746268463134765625e+01
-9.156999206542968750e+01
-1.056592788696289062e+02
-7.580014038085937500e+01
-6.883351898193359375e+01
-8.848185729980468750e+01
-7.093611145019531250e+01
-6.747982788085937500e+01
1.006312255859375000e+02
-7.830632781982421875e+01
-6.165491485595703125e+01
-6.587713623046875000e+01
-6.355375289916992188e+01
-1.168495330810546875e+02
-7.678725433349609375e+01
-7.373281097412109375e+01
-8.305078887939453125e+01
7.176673126220703125e+01
-8.739714050292968750e+01
-8.863400268554687500e+01
-9.107965087890625000e+01
-1.153162002563476562e+02
-5.879653930664062500e+01
-6.472330474853515625e+01
-1.110371246337890625e+02
-1.375119476318359375e+02
-8.437657928466796875e+01
-5.748443222045898438e+01
-7.259354400634765625e+01
-1.001188049316406250e+02
-7.822582244873046875e+01
4.213571929931640625e+01
-9.637894439697265625e+01
-5.267058944702148438e+01
-6.851519012451171875e+01
-9.371765899658203125e+01
-7.084937286376953125e+01
-8.858454895019531250e+01
6.792208862304687500e+01
-4.591604614257812500e+01
-8.079877471923828125e+01
-6.136596298217773438e+01
-7.114595794677734375e+01
1.013187637329101562e+02
-8.359615325927734375e+01
-6.590287780761718750e+01
-8.179705810546875000e+01
-5.660468673706054688e+01
-1.260902557373046875e+02
-7.383062744140625000e+01
-1.102043457031250000e+02
-8.581098937988281250e+01
-7.109479522705078125e+01
-1.202221755981445312e+02
-9.859230041503906250e+01
8.070191192626953125e+01
9.802761840820312500e+01
-1.004175415039062500e+02
-7.921501922607421875e+01
-1.013617324829101562e+02
-6.300822067260742188e+01
-8.727461242675781250e+01
-8.027513122558593750e+01
-6.558101654052734375e+01
-6.440229034423828125e+01
-6.343719100952148438e+01
-4.816225433349609375e+01
-9.713506317138671875e+01
-8.074353027343750000e+01
-7.710640716552734375e+01
-8.555242156982421875e+01
-5.539240646362304688e+01
-7.394480895996093750e+01
-1.714975280761718750e+02
-5.079528427124023438e+01
8.825180816650390625e+01
-4.507084274291992188e+01
-1.048755187988281250e+02
-6.898433685302734375e+01
-5.406418991088867188e+01
-1.768127288818359375e+02
-6.830918121337890625e+01
-8.825021362304687500e+01
-4.280233001708984375e+01
-6.564617156982421875e+01
-7.143630981445312500e+01
-1.231423873901367188e+02
-8.746733093261718750e+01
-7.874720001220703125e+01
-8.999075317382812500e+01
-5.628600311279296875e+01
-6.262861251831054688e+01
-7.752152252197265625e+01
-8.771430206298828125e+01
-9.858074188232421875e+01
-1.570597686767578125e+02
-7.759972381591796875e+01
-8.855173492431640625e+01
-5.824988174438476562e+01
-5.584720230102539062e+01
-7.016995239257812500e+01
-5.729923629760742188e+01
-5.885544967651367188e+01
-7.438902282714843750e+01
-6.407405853271484375e+01
-5.766051101684570312e+01
-1.376136169433593750e+02
4.972259521484375000e+01
-6.305897521972656250e+01
-4.309619522094726562e+01
-6.680812072753906250e+01
-9.331005859375000000e+01
-1.406054687500000000e+02
-1.235264739990234375e+02
-7.217842102050781250e+01
1.005756988525390625e+02
-1.228768157958984375e+02
-6.790234375000000000e+01
-5.781154251098632812e+01
