1.443140541552347111e-01
1.357599571366494007e-01
2.550543006823846603e-01
2.136206692614307512e-01
2.071549285786814243e-01
1.377413046055771251e-01
2.208998459821328308e-01
1.486025208588548641e-01
1.873664659480041850e-01
1.957276251607521778e-01
1.296681752113156283e-01
1.237324448624483458e-01
1.941706723530293721e-01
2.971364579518678828e-01
2.318811073404232481e-01
1.898074937914795979e-01
1.394929988669241228e-01
1.989350283982973255e-01
2.197384188106756842e-01
2.434479605633927124e-01
1.400418749475930147e-01
1.504478978540216005e-01
2.002688678545808398e-01
1.432395371638347792e-01
2.281055372034886397e-01
2.049889178305544235e-01
8.024745163635774170e-02
1.814380199321757314e-01
1.468191524761332245e-01
1.089251487007649732e-01
1.835154712587989956e-01
2.454133781942819670e-01
2.136316829548757512e-01
2.478764880223784384e-01
2.500959079583201516e-01
2.068130709445661353e-01
2.447464528495654768e-01
8.725353241846169061e-02
2.006635814689278485e-01
1.103119752494554767e-01
1.234993067417809592e-01
1.464909437334074582e-01
1.010268447432545180e-01
8.629133490802988471e-02
2.613742272161628799e-01
2.598016345808065730e-01
1.638623307229712944e-01
1.944861287111249448e-01
1.272071928499816373e-01
2.153219127706332281e-01
2.935245046487400256e-01
1.954248482224239802e-01
1.333095472226658862e-01
1.427882981118028805e-01
1.562106134181316108e-01
2.510181079374695368e-01
2.193638953097693522e-01
2.071867376162141172e-01
2.370152897435771622e-01
1.258022673976891548e-01
2.055685095290961106e-01
1.002991446606799480e-01
1.540991600766372371e-01
2.342160252129041054e-01
2.167882428627116442e-01
1.271556346232640133e-01
1.502080247696923609e-01
1.472021253051497836e-01
2.022413997532008789e-01
9.240350545174949581e-02
2.346828927595830394e-01
1.498749630112315157e-01
1.008054649282687926e-01
2.432731936318685562e-01
1.151940834035892203e-01
2.011330981107403715e-01
1.952085530439669758e-01
2.586318019493321074e-01
7.268347059770004226e-02
1.640068524686947027e-01
2.436649738645931818e-01
2.570521738719999116e-01
2.316211783004570035e-01
5.732752026002718715e-02
1.463210544774729005e-01
1.888113666567446114e-01
9.534824411471820582e-02
2.149868337263310947e-01
1.860222116063802722e-01
2.514624265579644691e-01
2.205049118503135119e-01
1.815025382991415914e-01
2.284447307400252758e-01
2.455938763971789729e-01
1.980312512045957207e-01
1.999248127843747114e-01
2.094235000071299480e-01
1.873502302481908355e-01
1.379243083076369392e-01
2.447137881226970901e-01
1.894403525441322733e-01
1.186695444535047078e-01
1.951660998472380948e-01
2.215083364784732056e-01
2.013739538554334130e-01
6.803120165068009262e-02
1.375795440295111138e-01
2.155979592980473702e-01
1.779117981957793471e-01
2.012183428965687859e-01
2.411737888757440329e-01
1.225698888567351569e-01
1.352087782643693614e-01
2.421260271035558242e-01
1.070944714533220016e-01
2.796500637417186907e-01
2.102726091190944280e-01
1.863055280558415516e-01
2.309013776886039426e-01
2.207647229856729010e-01
2.091528612057219350e-01
1.516765045190545669e-01
2.264303667707992240e-01
1.750067567889181386e-01
2.497639307333709147e-01
1.570195549893186882e-01
2.105814250453739433e-01
1.167669181915511473e-01
9.745151502721446923e-02
2.319518323316478170e-01
2.017220194256066357e-01
1.603104637982922243e-01
5.675676006570919141e-02
2.139023201328320301e-01
1.658269695409645694e-01
1.850511208775403593e-01
2.230614277177504212e-01
1.901571826729424874e-01
1.821522040023659250e-01
1.703668308950606614e-01
2.418444288812755527e-01
1.124488791826658562e-01
1.368171691349641672e-01
1.367618130914057262e-01
1.235291500507188084e-01
1.292800859782769762e-01
1.107783893119546337e-01
1.191727218591575738e-01
1.743687314742791150e-01
7.162777324887270591e-02
1.855150204595164276e-01
2.160010762538095985e-01
1.571194140800650507e-01
2.252827514787333896e-01
1.419483337970621206e-01
2.339731771862683940e-01
1.752670809938369212e-01
1.162757157880634495e-01
1.237994347807672563e-01
7.151120576641582793e-02
2.016116972661349538e-01
8.020236425236329514e-02
7.478467026138681251e-02
2.294097834933447599e-01
1.858690957898549156e-01
2.148726981130608671e-01
2.828327996963938551e-01
