-6.783258056640625000e+01
-6.823207855224609375e+01
-9.534912872314453125e+01
-8.439293670654296875e+01
-1.057483291625976562e+02
5.751805496215820312e+01
-5.517359161376953125e+01
-8.350251007080078125e+01
-5.381853866577148438e+01
-5.558628082275390625e+01
-8.293061828613281250e+01
-6.980501556396484375e+01
-8.470652770996093750e+01
-9.981108856201171875e+01
-8.395689392089843750e+01
-1.113538208007812500e+02
-8.104520416259765625e+01
-1.204841842651367188e+02
-8.981148529052734375e+01
-9.877895355224609375e+01
-9.465441131591796875e+01
-1.067618103027343750e+02
-7.232160186767578125e+01
-1.189882278442382812e+02
4.109491729736328125e+01
-9.727604675292968750e+01
-1.010379638671875000e+02
-8.260311889648437500e+01
-8.262210083007812500e+01
-1.745682373046875000e+02
-6.587799072265625000e+01
-7.209412384033203125e+01
-8.081822204589843750e+01
-1.001038131713867188e+02
-8.100259399414062500e+01
-1.215050811767578125e+02
-1.274714813232421875e+02
-8.726300811767578125e+01
-8.843743133544921875e+01
-8.779201507568359375e+01
-8.958322906494140625e+01
-7.510472869873046875e+01
-1.325627899169921875e+02
-1.173106994628906250e+02
-1.872018280029296875e+02
-1.493190460205078125e+02
-1.595928955078125000e+02
-1.018799514770507812e+02
-6.252135848999023438e+01
-1.137839736938476562e+02
-6.975811004638671875e+01
-1.433650054931640625e+02
-1.200341873168945312e+02
-5.907574081420898438e+01
-8.505506896972656250e+01
-7.618985748291015625e+01
-1.024915237426757812e+02
-1.008332214355468750e+02
-9.222132873535156250e+01
-6.783621978759765625e+01
-6.516256713867187500e+01
-7.988137054443359375e+01
-1.767757415771484375e+02
-6.289513778686523438e+01
-1.103546295166015625e+02
-7.223287200927734375e+01
-6.747904205322265625e+01
-2.672985839843750000e+02
-6.326112747192382812e+01
-1.118373794555664062e+02
-6.988241577148437500e+01
-6.352638626098632812e+01
-1.097659454345703125e+02
-6.675785827636718750e+01
-8.092732238769531250e+01
-1.315220642089843750e+02
-7.592201995849609375e+01
-8.844343566894531250e+01
-1.053004074096679688e+02
-9.164211273193359375e+01
-1.570288696289062500e+02
-1.095948486328125000e+02
-1.086419143676757812e+02
-9.222190856933593750e+01
-8.804293060302734375e+01
-1.307235870361328125e+02
-6.923210906982421875e+01
-5.873268508911132812e+01
-1.207740707397460938e+02
-9.873488616943359375e+01
-7.709190368652343750e+01
-2.075452117919921875e+02
-7.721079254150390625e+01
-9.901834106445312500e+01
-5.426263427734375000e+01
-1.173172531127929688e+02
-1.009266052246093750e+02
-1.130074539184570312e+02
-4.679080963134765625e+01
-6.165013122558593750e+01
-9.919220733642578125e+01
-1.091178512573242188e+02
-1.460382385253906250e+02
-7.005203247070312500e+01
-7.796118927001953125e+01
-8.192112731933593750e+01
-6.954791259765625000e+01
-8.026984405517578125e+01
-6.726984405517578125e+01
-7.732752227783203125e+01
-1.788995513916015625e+02
-1.069313659667968750e+02
-6.728442382812500000e+01
-8.204154968261718750e+01
-1.537180633544921875e+02
-8.997578430175781250e+01
-8.022011566162109375e+01
-1.140389404296875000e+02
-8.163540649414062500e+01
-1.379033660888671875e+02
-5.187253952026367188e+01
-6.018679046630859375e+01
-7.317060852050781250e+01
-7.862971496582031250e+01
-1.090017623901367188e+02
-6.427592468261718750e+01
-1.014256515502929688e+02
-8.012705230712890625e+01
-9.208014678955078125e+01
-9.476548004150390625e+01
-1.535143585205078125e+02
-9.824291229248046875e+01
-1.042244873046875000e+02
-1.021920547485351562e+02
-7.815932464599609375e+01
-8.218795776367187500e+01
-1.162482070922851562e+02
-9.372381591796875000e+01
-8.848262786865234375e+01
-5.933946228027343750e+01
-9.332737731933593750e+01
-1.001277465820312500e+02
-1.197676696777343750e+02
-1.342851715087890625e+02
-8.226963806152343750e+01
-9.750650024414062500e+01
-1.141844177246093750e+02
-9.232344055175781250e+01
-1.039457702636718750e+02
-7.103062438964843750e+01
-1.052667999267578125e+02
-1.191742706298828125e+02
-1.033911056518554688e+02
-7.506769561767578125e+01
-6.820478057861328125e+01
-6.111587905883789062e+01
-1.266847534179687500e+02
-7.687537384033203125e+01
-7.501555633544921875e+01
-1.463589630126953125e+02
-1.306477050781250000e+02
-5.051610946655273438e+01
-5.980597686767578125e+01
-8.093780517578125000e+01
-7.300355529785156250e+01
-8.923800659179687500e+01
-9.086573028564453125e+01
