2.371366494830115190e+00
3.360787851442434082e+00
3.119855991241140991e+00
2.558409301518295820e+00
2.957809448280343201e+00
2.266853036139532929e+00
2.789060112717495876e+00
3.534063723352013131e+00
3.781588743662999796e+00
3.589308800867126337e+00
2.813367647630092616e+00
3.281423587818430132e+00
2.924133972578686347e+00
3.283607706342414723e+00
4.248983340662531916e+00
3.858029286545389791e+00
2.984735697460557891e+00
4.652551915215870082e+00
3.484998572929815630e+00
3.362867267005167804e+00
3.263256950395947875e+00
3.805190941313252750e+00
4.132481697610494109e+00
2.222294207746298156e+00
2.737681106650816432e+00
2.685044598780803149e+00
3.429707287245709058e+00
2.287151640079387871e+00
4.546608696409347949e+00
3.864348362164904405e+00
2.306828577996402174e+00
3.032624552918894878e+00
2.997536915326336704e+00
2.732003515286068662e+00
3.728339968380948832e+00
3.238736080925375571e+00
3.095318154511109032e+00
3.022539833868193249e+00
3.092574310347589339e+00
3.104923073354019181e+00
2.781177870108799244e+00
3.311841896044413147e+00
3.491136354012950083e+00
3.399489481856407203e+00
2.637154925524119342e+00
1.910903058547573252e+00
2.963048196325863248e+00
3.961709665585744666e+00
3.225411595632435624e+00
2.981252003921102123e+00
2.963967649353463241e+00
3.437251966589754737e+00
2.290893443465610524e+00
1.855585290408768850e+00
2.705916703609562823e+00
3.939846805389851436e+00
2.245459219770465698e+00
2.616177676595518697e+00
2.913200782099989006e+00
1.901226949963614743e+00
3.675941405586670374e+00
3.153722213554152276e+00
2.417704641441011049e+00
3.479057567772415371e+00
2.940024342598476448e+00
3.007972967476076676e+00
3.531187720886320935e+00
2.988686601462704484e+00
2.529452738052085259e+00
3.148422465085773947e+00
4.820295684244481293e+00
3.049573296601068684e+00
3.205734073711430376e+00
2.315945982101778267e+00
2.835093730229977904e+00
2.916343509798566380e+00
2.680238574199616419e+00
3.589486782503290563e+00
2.843908447461382494e+00
3.152382398330223268e+00
2.282259425563483823e+00
3.278734457662923596e+00
3.165276270791219648e+00
2.809170058576968554e+00
2.992056650939031837e+00
3.173433488570952754e+00
2.396781667606632471e+00
2.253665975136127209e+00
3.117736327182963674e+00
3.059056492000647776e+00
3.063480877554582094e+00
2.089786918020312356e+00
4.227983849009486761e+00
3.526615575018345439e+00
3.065844102167057272e+00
2.699014478891227586e+00
2.942404849698178726e+00
3.139450790072696673e+00
3.135244688658167522e+00
3.686238552344326180e+00
3.480686955855665676e+00
3.634927130866456579e+00
2.486930000789522310e+00
2.710649692588920079e+00
2.369835680225072849e+00
2.694481213482462945e+00
3.417260460127161448e+00
2.661805773093872229e+00
3.925826695218093576e+00
2.956312877105905290e+00
1.609265080968972805e+00
4.267354830056133252e+00
3.356444124759872416e+00
3.220908004582959006e+00
3.097881087670259159e+00
2.947228708245888118e+00
2.529208632652364841e+00
3.029714093315487133e+00
3.139995964195940736e+00
2.244322108160647922e+00
2.998816338806272519e+00
2.669968859837958508e+00
3.516302922849607882e+00
3.707891176006360645e+00
4.395145306427345133e+00
2.883030974509718014e+00
3.915974887918781455e+00
3.046684562556010167e+00
3.096187358931120848e+00
3.205073675768720598e+00
2.544553233059773767e+00
3.812279064880329305e+00
2.324527467826982718e+00
4.159007488708013511e+00
3.031733441631430548e+00
2.339401628323922289e+00
2.699616635582509971e+00
3.107507100717720849e+00
4.430453604629676967e+00
3.043511750751042744e+00
3.333811460630805801e+00
3.189221922340687687e+00
1.540732851588881402e+00
2.332669424562501703e+00
3.688648148930074200e+00
3.808386344975795090e+00
3.434041112013341390e+00
4.748347433231785431e+00
3.250529773491103835e+00
3.020874678231351140e+00
3.040243798806911091e+00
3.797864826637363578e+00
2.293273730722707793e+00
3.318161497953288297e+00
2.486505408715157905e+00
2.921669682970139181e+00
3.089075157391872661e+00
2.666136561082097067e+00
4.103238968001780229e+00
3.308879554285941271e+00
2.855270364391466753e+00
2.309508628891037141e+00
3.674955745481466529e+00
1.941459297164150000e+00
3.892542778865276443e+00
3.470608264451718661e+00
3.580357886075422602e+00
