3.126675856890825056e+00
2.503988662264124976e+00
1.983737188081054814e+00
3.093328889887720479e+00
2.202422358842660799e+00
3.103520360966940395e+00
2.529970672904437112e+00
2.912599917694729257e+00
2.754904234489331749e+00
2.519882720144381860e+00
3.019783069623622307e+00
3.063226260327747141e+00
2.756590864945849262e+00
2.616282295180254458e+00
1.891534637479237668e+00
2.845312025847918758e+00
3.097724289872293202e+00
2.943278314034265541e+00
2.643003071553924777e+00
2.260620806748951495e+00
1.990109234491656665e+00
2.753816874691520589e+00
2.326726985749819399e+00
2.801412772772974957e+00
2.444434049491060801e+00
2.846396144139613948e+00
2.898777014394303020e+00
3.014189614472928103e+00
2.448394520945566200e+00
2.764080927686439537e+00
2.754060602301148908e+00
3.037770081726688609e+00
3.014328894691839622e+00
2.757283546825802123e+00
2.908619316601978699e+00
2.838885804289131176e+00
3.048850892660311285e+00
2.571116102517921664e+00
3.001073921667460453e+00
2.778368239881880530e+00
2.904635747353293329e+00
2.930108058208470201e+00
3.005760969328895804e+00
2.988819101870893835e+00
2.856839808064750130e+00
2.331586538245962625e+00
2.449899684281214185e+00
1.863584184362389040e+00
1.658048373303123935e+00
1.571385487196647945e+00
3.010997943679662558e+00
3.117361222947980792e+00
3.047061090054503207e+00
3.084688498447421878e+00
2.985166917866441061e+00
2.657517078145009926e+00
3.009106950903993827e+00
2.956442805731851031e+00
2.180961067328845093e+00
3.081677745974483962e+00
3.012481977737951233e+00
3.103532820594419928e+00
2.504903428015652800e+00
2.993953272364562768e+00
2.448421581249601076e+00
2.750468178972516498e+00
2.640833824000176744e+00
3.015104659888118377e+00
2.810022197666441901e+00
2.470157835331917795e+00
2.987358122816110129e+00
2.897904573503430559e+00
3.090212328230206751e+00
2.925304988862482247e+00
2.693297678356485925e+00
2.945185224233361598e+00
2.430156979283211172e+00
3.124848172152793424e+00
2.682217764108440150e+00
2.745356114043066231e+00
2.774717639605946751e+00
2.310341600667569661e+00
2.497979084649857739e+00
2.833661856417313274e+00
2.560568637328097807e+00
2.849147297916808430e+00
2.599584497600277100e+00
2.658341928498433315e+00
2.963677062051119027e+00
2.639513982096424183e+00
2.811176537748995674e+00
2.649274682540238679e+00
2.518162969082029079e+00
3.088882277078334404e+00
1.147055965434770064e+00
1.612603879794994199e+00
2.319061438616593751e+00
2.641302061737798024e+00
2.722414961022521673e+00
2.700196821592778296e+00
2.667448479023891039e+00
2.917067240093469405e+00
2.243136646224685560e+00
3.068914901846457433e+00
2.910359826989752374e+00
3.074102142174762520e+00
2.738295248560350448e+00
3.139438362497092960e+00
3.132876102347992742e+00
3.093208721650841930e+00
2.929697483573605155e+00
2.862850821359336440e+00
3.097212638294859044e+00
2.826066900327361076e+00
3.137810021367930080e+00
2.978285072204792883e+00
2.846384001776028683e+00
3.006427029530583273e+00
2.999334993570500707e+00
3.084932230657531527e+00
2.120194384328897286e+00
2.572807454461142562e+00
3.130382510930551199e+00
2.313378202231875846e+00
3.020796453603380449e+00
2.932159883576943571e+00
2.988650016525942199e+00
2.631129459473608989e+00
2.729915183752503527e+00
2.062736252805982051e+00
2.808994758161219352e+00
2.958589642768234995e+00
3.040209422388437499e+00
3.117994209925525784e+00
1.656252879986296334e+00
2.772730124270246677e+00
2.845901883832516521e+00
3.041569894116442629e+00
2.210153621033027260e+00
3.073687056075256496e+00
2.141991767720849982e+00
2.953791249784741613e+00
1.654556640299545966e+00
3.120522916001462033e+00
2.878400079374524800e+00
3.103850324492014146e+00
2.963010181061724424e+00
3.119646438616617168e+00
2.678881657884161438e+00
2.941645943454363366e+00
1.726083257860586695e+00
2.892669243737218565e+00
3.074362136073208518e+00
2.891146459289986481e+00
3.047696703834836818e+00
2.599659660102151992e+00
2.687552007408207100e+00
2.865689740036279964e+00
2.711955393989899932e+00
2.817629609243083255e+00
3.111105425627415766e+00
2.720793926376401828e+00
3.114946800968083185e+00
3.117348168572140921e+00
3.023472348153280809e+00
3.073809994326035522e+00
2.928164915967223170e+00
2.927616255364606346e+00
2.580644850254457001e+00
3.007045701113630898e+00
2.692612675975338821e+00
3.096164733134990410e+00
2.828078676120101331e+00
2.322210975274117573e+00
2.447687800920466117e+00
2.176879414767029175e+00
2.545691565791300182e+00
2.960479783224549521e+00
2.927653872326952289e+00
2.458104774075996701e+00
3.007351208760077554e+00
3.049578666701721730e+00
3.009658455350630035e+00
2.311169338486631641e+00
2.693416888798091602e+00
2.672916342261390632e+00
2.206974186519777170e+00
3.121572370760451243e+00
2.493079103859702439e+00
3.112367545617514164e+00
1.919123931248993165e+00
2.629456338656302350e+00
2.351768701335061884e+00
2.529482492637523894e+00
3.097955134293547186e+00
1.803201838144566249e+00
2.667652119482512241e+00
2.666453168582827882e+00
2.926862851020056056e+00
2.980351000702380571e+00
3.073108018002302266e+00
2.684899939528050616e+00
2.365711534221654144e+00
2.021184114357390538e+00
2.784644161664026729e+00
2.534540370030751610e+00
2.925905607189471347e+00
2.848038667069549223e+00
2.791976623536173374e+00
2.924276373970668974e+00
3.018727717888268547e+00
3.037555095590942944e+00
2.875065084806483817e+00
2.523076518307393545e+00
2.939299554493389088e+00
2.745250240986322865e+00
2.293142013016108649e+00
3.089239834563334952e+00
2.870592920623528777e+00
2.406487287285918875e+00
2.709121978480249382e+00
2.885013481454270057e+00
2.819057813050400263e+00
2.187960479856025486e+00
3.064856771506898614e+00
1.937767142747896854e+00
2.882304753767488403e+00
1.451621912887407717e+00
2.494605231948149537e+00
2.829820824076766606e+00
3.111473317921283233e+00
2.992609413316403177e+00
3.032013050435796941e+00
2.910008177643374605e+00
2.753581706187331779e+00
3.012247868805894235e+00
2.816614323112932805e+00
3.108271877296663543e+00
2.898398025636530484e+00
2.851713813739440440e+00
2.951149646413114613e+00
2.834281459882223686e+00
2.860276998725095332e+00
3.006755812431340935e+00
2.912946399700011124e+00
2.566182616225340496e+00
2.752490165220494056e+00
2.364461962360165259e+00
2.395884244313116085e+00
2.873886697046591721e+00
2.067244397991055749e+00
3.057872674996878093e+00
2.885905257836856030e+00
3.098767347918678805e+00
2.715772168433472356e+00
3.085834077265560360e+00
2.673027134905238800e+00
1.590096482405969791e+00
2.946380747551002877e+00
2.528848739726266004e+00
1.472356170985609669e+00
2.506823015209399763e+00
2.874073979975536375e+00
2.682706927618744075e+00
2.941472042095860662e+00
2.983839811816632270e+00
3.138122141603739923e+00
2.463706906327115753e+00
2.422542132521066982e+00
3.080751127171128534e+00
2.684636315651052207e+00
2.324376587219953549e+00
2.623901627056747898e+00
2.627752530668299613e+00
2.603517321766842141e+00
2.712974274377399908e+00
2.734341966348801556e+00
3.115666648833745445e+00
2.330187751452103662e+00
2.689158662493982277e+00
2.884680772453139141e+00
2.285412970661031995e+00
3.010680108372013386e+00
3.032254967926625078e+00
2.042728378058169092e+00
2.502059575644324241e+00
2.621672766052508319e+00
2.814576731111165131e+00
2.724565772357122384e+00
3.042935541283311895e+00
2.828863885151701840e+00
3.124612576420674692e+00
3.057380085392263247e+00
1.537741746819805355e+00
2.836200066954685628e+00
2.232788161890055356e+00
2.565287397212076659e+00
2.035246191408285998e+00
2.554613522157677785e+00
2.898074093329769507e+00
3.051465142263090069e+00
3.134602415234840844e+00
3.047717111104291110e+00
2.660514126856539541e+00
2.601609899401898129e+00
2.875454622686678174e+00
2.604046989798603384e+00
2.742441229297831740e+00
2.901593636328162695e+00
2.675072093399486040e+00
2.771386596012609171e+00
2.412380804582181071e+00
2.716333974890437375e+00
2.808148257448493723e+00
2.908205383397791444e+00
2.982052429793762283e+00
2.159451431964161117e+00
3.067335207110440720e+00
2.872282817177800318e+00
1.728177596070121114e+00
2.784478480206207696e+00
2.650438536174457127e+00
3.052016475279633489e+00
2.978839014513777972e+00
3.031274446341745588e+00
2.923765612515480949e+00
3.017041511372611229e+00
2.870193238451487439e+00
2.113543894267969847e+00
2.106315477305502171e+00
1.954999414537946567e+00
2.012005305073012007e+00
2.303318037128398998e+00
3.045572772323186683e+00
3.005634793163109553e+00
2.660279193165296263e+00
3.129803427330950072e+00
2.338653333476679919e+00
2.108357515281384043e+00
3.056590988775881090e+00
3.044931904858721783e+00
1.800853863346622230e+00
2.828285656212224275e+00
3.000383896447238019e+00
2.991252291891807857e+00
2.760773513111117516e+00
2.701144280858398972e+00
2.541103904367795874e+00
3.124552254338412105e+00
3.014994618139411831e+00
2.431650327207289575e+00
3.049489015767709699e+00
2.976608666326801877e+00
3.049506170286876650e+00
2.739199614828839557e+00
2.866633755456954091e+00
3.047169810999346140e+00
3.086138446809053359e+00
3.014584279971869396e+00
2.892419293413820647e+00
2.587237650810591205e+00
2.983047694303824660e+00
3.025427216144892295e+00
2.953305681644128544e+00
2.672588183990909805e+00
2.662920979324024273e+00
2.968604932473877689e+00
2.837443162388587403e+00
1.963851781249035477e+00
2.775990378360019939e+00
2.475829185741218019e+00
2.306320103957416823e+00
2.793216452993249277e+00
2.732278917993920864e+00
2.873550255434714984e+00
1.319333404859784675e+00
2.832965856461759913e+00
3.135841023286732199e+00
2.788704539588719999e+00
2.025482285029568619e+00
2.040910142987474529e+00
2.656373284991743855e+00
2.825667409729611279e+00
2.528880560162452884e+00
2.302475934532291379e+00
3.039931933168920075e+00
3.043538247059693891e+00
2.752858854745026562e+00
2.645378935688066147e+00
2.280175496782894662e+00
2.675833966113482454e+00
2.265915636363205365e+00
2.890048504835562859e+00
2.903266090838811042e+00
2.639808752397218239e+00
1.810871820443438196e+00
2.349244124582920534e+00
2.871921015714955061e+00
1.891634448854735417e+00
2.757396975334103661e+00
3.124758672625177258e+00
2.847090410003766614e+00
3.075639307249299570e+00
2.944952882141459671e+00
1.959575032677460138e+00
2.637145446497051182e+00
2.552304438671086473e+00
2.581313980894389903e+00
2.215072329301837506e+00
2.426037744046289912e+00
2.807460459562411970e+00
3.023808208203912162e+00
2.891302278168046858e+00
2.399631095041415918e+00
2.291306844256618902e+00
2.680712637187520286e+00
3.000428651796741786e+00
2.881803345669018857e+00
2.659537708311958237e+00
3.117880237872741933e+00
2.993833303949561930e+00
2.645296480589010901e+00
3.101871116327457045e+00
3.003895454233891371e+00
3.061598493238812502e+00
2.806627873964131492e+00
2.246308874192493921e+00
2.620580757554296092e+00
2.898906954810425152e+00
2.919703233748055737e+00
3.139874773010324471e+00
3.060315384385563053e+00
1.955351226272863174e+00
2.317509244459673656e+00
2.181921639184970729e+00
2.910719224674165773e+00
2.868549517922805769e+00
2.829775782979259358e+00
3.069937846981576346e+00
2.553404930347700219e+00
3.005325742905981201e+00
2.077335366913553916e+00
2.123666480330658857e+00
3.089579413497433258e+00
2.934795867232432354e+00
2.398017950900209971e+00
2.624422933684921855e+00
2.673193872622107392e+00
2.352850726415248506e+00
3.105711891764830757e+00
2.481462470417078237e+00
2.698964503521427361e+00
2.842664636316347249e+00
2.804929304522243871e+00
2.936835476392599453e+00
3.044116864864463867e+00
2.910920596911916736e+00
2.654161250481309242e+00
2.715932975523083659e+00
2.577027895863271745e+00
2.517141574937658444e+00
2.653758941265162541e+00
2.692511521325014812e+00
2.150674747435135981e+00
2.691078417300812209e+00
2.752237621267260792e+00
3.064793640941236408e+00
2.420666166455237800e+00
2.457193332788206508e+00
2.375933220059298634e+00
2.543480754342374972e+00
3.078935240643243976e+00
2.402386131448427165e+00
2.938682223453898956e+00
2.527417654662180269e+00
2.366614963178077513e+00
2.975223816633583152e+00
2.735780273640457061e+00
2.380443621573471003e+00
2.993136164690808787e+00
2.970840488465718909e+00
2.679012089972668598e+00
2.148163895852578165e+00
2.386398036049615978e+00
2.414548611710723325e+00
1.447424501860000490e+00
1.851915169289114704e+00
2.979096104317894511e+00
3.020364393552772864e+00
2.394243029845379844e+00
2.853564808945324494e+00
2.656500940546892675e+00
3.101978604643369497e+00
2.595122951315223414e+00
2.738380724662946353e+00
2.854068547847759874e+00
2.436926858024295317e+00
2.420407353908813786e+00
2.067086911597405763e+00
1.606024968960879429e+00
2.697303976050288821e+00
2.657876533148541665e+00
2.848355621659966364e+00
3.049395784566680589e+00
2.812760538010919742e+00
2.319672195353458477e+00
1.934567972826737758e+00
2.039022322601959036e+00
2.916729416993072199e+00
2.681733163801266251e+00
2.930757565750879756e+00
3.105020006755724982e+00
2.972426091028099293e+00
3.124607688663596949e+00
3.068746168652589645e+00
3.051162280587095932e+00
2.422213427757847981e+00
3.080124031584217104e+00
3.125831144817238005e+00
3.009877172688554037e+00
2.169893401201120842e+00
3.076986374485355835e+00
2.988117944989264529e+00
2.839721602280091073e+00
3.097933835462185037e+00
3.078758068058313313e+00
3.000255963875933407e+00
3.002824110504767940e+00
2.694734851081972860e+00
3.004275497268448447e+00
2.590383595660078253e+00
2.554992656141443330e+00
2.902987127459074390e+00
2.417490618491430876e+00
2.721667036937806650e+00
3.134275228345076769e+00
2.741628386554329389e+00
2.889384825977685978e+00
3.082498433013708627e+00
3.024521952025620575e+00
2.345702431909177932e+00
2.875256863197416024e+00
2.257534429772921847e+00
2.869597123867144717e+00
2.858741655631886758e+00
2.830626016177860027e+00
1.956015198599638794e+00
2.452222654351667863e+00
2.155292066392894501e+00
2.449901901741783572e+00
2.982648038607450314e+00
2.492833420605137018e+00
2.943162229687528164e+00
2.851525483832999086e+00
3.083579185654009791e+00
2.791660183535764173e+00
2.953497578328545536e+00
2.933737058648324680e+00
2.860952056128462484e+00
2.942457532979668500e+00
2.947203825090976892e+00
2.724470120750919655e+00
3.086051867534252313e+00
2.794795625017607588e+00
2.715290645160263416e+00
3.085019228690701887e+00
2.635363799094294190e+00
2.854615990750612564e+00
2.150460577948469343e+00
2.907172411930396105e+00
2.447204814130141237e+00
2.031523021866179946e+00
1.707840731336537132e+00
2.490631313061322238e+00
2.694240649845383917e+00
2.942764435048716543e+00
2.938738002122660120e+00
2.407932605537906667e+00
2.860101818046278055e+00
3.009717921056535683e+00
3.021006525124836362e+00
3.071881337619339458e+00
2.894407329831116371e+00
2.969585078704768399e+00
3.012207372170791153e+00
3.015568055374652445e+00
2.542313836294058937e+00
2.669455661386348488e+00
2.991050989119670600e+00
2.983262019314140367e+00
2.537295501784373908e+00
1.719670168563897317e+00
3.109682579020095705e+00
2.844158268560573077e+00
2.564321302697873950e+00
2.493630800933878788e+00
2.335346254621303075e+00
2.758822922530677513e+00
2.958926758705782589e+00
1.826811337484740116e+00
2.801106934743465171e+00
2.691092787417219689e+00
2.880502246778145814e+00
2.958577252771656951e+00
2.995981508562037376e+00
3.093201179456002148e+00
2.406051288329888571e+00
2.779933822887179939e+00
2.935273850629757320e+00
2.929073355191599060e+00
2.621101368846113999e+00
2.853961224816096376e+00
2.582082706944520467e+00
2.871068386256822258e+00
2.778853948532618912e+00
3.037575776569370944e+00
2.907874199597350273e+00
3.054921117020605426e+00
1.896093926690022302e+00
2.478020906974512716e+00
2.813457939625449544e+00
2.999335740517271809e+00
2.130586101253274744e+00
3.119373253877238295e+00
2.220976011717015197e+00
2.435268024125699426e+00
2.724107854360249270e+00
3.114070591946874522e+00
2.549804744303822091e+00
2.596860424467743567e+00
3.042787422111266071e+00
2.449058379144775976e+00
2.716291290260461899e+00
2.681528027546608683e+00
2.764995372452863087e+00
3.074381488710362653e+00
2.867168497663805660e+00
3.065335307211495941e+00
2.778205766565462920e+00
2.904970145781769819e+00
3.127959117997995531e+00
2.840316380743920011e+00
2.785097615309994445e+00
2.630718636779536990e+00
2.697509748761534709e+00
2.705773119034760477e+00
2.669070044384083129e+00
3.091253734576506762e+00
3.132187184790104606e+00
2.977369935752883112e+00
3.095397092152765151e+00
3.077594656225081771e+00
2.934230109887575821e+00
2.950128932144868710e+00
3.134998728803959356e+00
2.876204232786702786e+00
2.626152945736667910e+00
2.769098352152938425e+00
2.480347227560496748e+00
2.695058924445874471e+00
3.022412322061817314e+00
3.037817143356536853e+00
2.208594319741229661e+00
2.754363180880746942e+00
3.068248017995232946e+00
3.057341203586673384e+00
2.795885577099655794e+00
2.867708936084009785e+00
2.551758515671420646e+00
2.972540942264557895e+00
2.454894775334346413e+00
2.719737747505514669e+00
2.220768235331306073e+00
2.476691811066431548e+00
3.063482010907097486e+00
2.481167848754527228e+00
2.089262141145820983e+00
3.110262124083626123e+00
2.919209196357289038e+00
2.526891130762781490e+00
2.979264102289820304e+00
2.502389451700617773e+00
3.028243372230627894e+00
2.991341832356794406e+00
2.546412375760977120e+00
2.833952013684612581e+00
2.986025361109073017e+00
2.629893906359585642e+00
2.173032627386752846e+00
2.768359292821457984e+00
