1.977482107189668659e-01
1.671090439954426854e-01
1.167886427329192511e-01
8.408837189364448683e-02
2.587451791470053997e-01
2.295797626327857888e-01
8.053574318296098655e-02
2.143055094679316985e-01
1.897104192957629054e-01
2.302106486866063451e-01
1.197923366225449454e-01
2.161749057658926276e-01
1.408238524933381475e-01
2.001054126649217113e-01
1.854796241691487046e-01
1.926624782311383011e-01
1.486147453023086151e-01
1.032134058778652747e-01
5.467104638471594752e-02
1.057012705192081903e-01
2.111710976966811593e-01
2.503393114668175934e-01
2.078960533549469303e-01
2.175783867408287997e-01
1.893689104458851358e-01
1.733949281289091926e-01
2.077000403081013247e-01
2.317884727868970429e-01
1.708671284900505349e-01
1.786518480149982269e-01
1.143169987306536101e-01
2.284080163897352356e-01
1.720996506125662129e-01
1.200710778571736359e-01
1.371159621730214107e-01
2.890283947065154790e-01
1.616415947070429238e-01
1.325212664641590710e-01
2.085259539382340599e-01
1.919415148702725837e-01
1.893774699112417970e-01
2.847343577848340801e-01
1.871386067088060268e-01
2.713704689440417095e-01
1.386622034759408262e-01
1.756468169004740398e-01
1.945244727219558323e-01
1.018977368432767150e-01
1.033604737343695318e-01
2.494453053150589850e-01
1.732931004750549453e-01
1.897350559629407130e-01
2.057211554517581475e-01
2.707902405069955165e-01
1.840195340062645291e-01
2.265729084329856369e-01
9.622721456565971887e-02
2.215428194679243401e-01
1.915149223663742961e-01
1.203657016690330428e-01
2.193234511692384037e-01
1.859658106590748872e-01
1.135750686454374409e-01
1.484403106310024367e-01
2.016970425643049847e-01
1.851866564252738767e-01
1.489381991986806764e-01
1.128898375679271565e-01
1.109566111391573351e-01
1.605694556265144790e-01
2.125476693620792501e-01
1.246125352853165308e-01
1.942684522528003166e-01
1.936064982981381688e-01
2.052353184530649188e-01
1.853310696686704395e-01
2.026245594263464123e-01
1.125720604809881537e-01
1.165269714830119291e-01
1.683204598325483969e-01
2.207642597429815556e-01
2.539588506372340015e-01
1.163779577769977341e-01
1.750170130834468873e-01
1.956463506358225024e-01
1.835237975424547641e-01
1.387042877490784476e-01
1.442744376240160387e-01
1.921151902086023211e-01
1.490151579350224853e-01
1.491627785481315638e-01
1.097631509368166142e-01
1.803224837058674257e-01
1.546181912295308547e-01
1.998140705082429303e-01
2.147419851370707122e-01
1.310436398632846555e-01
9.267018499831000677e-02
3.040686131423590566e-01
2.134216979756495269e-01
2.780321334294177937e-01
1.500988278640958407e-01
2.495768382064081081e-01
2.097989391188223585e-01
1.471610503164344497e-01
1.237749540997573477e-01
2.586063227208109105e-01
2.935647576896807665e-01
1.664914785875383496e-01
2.050192660627356833e-01
2.878232644953787611e-01
2.321184418198471433e-01
2.489902749806501558e-01
2.124647553484318441e-01
1.657027573735389281e-01
2.191726099287575891e-01
2.715651520010158859e-01
2.119211290435359107e-01
2.104337639480211020e-01
2.102499484699109356e-01
1.536546478608010746e-01
1.806476655010219035e-01
1.563389263662031403e-01
9.357873425139945356e-02
1.048993205091068304e-01
2.121631779834408094e-01
1.830506824047643810e-01
2.272915872102480028e-01
1.888381321479910002e-01
1.623181287029299147e-01
1.727377345395574304e-01
8.943023863502498616e-02
2.276158232379459356e-01
2.193176560856428536e-01
1.584683501647885517e-01
2.007760015642211793e-01
2.280892366693073603e-01
2.546557399615760886e-01
1.040473840119609666e-01
1.962635934866278631e-01
2.247900480064176920e-01
2.075296011345946212e-01
2.738160171831606760e-01
6.881939523211083598e-02
1.250609728806172938e-01
2.613499016072790004e-01
2.464466010605319835e-01
6.768415301585826993e-02
2.601116176272451064e-01
1.633463942218813525e-01
1.143990995791354659e-01
8.976427091339497788e-02
1.781478746430182614e-01
1.992705148497688761e-01
2.547105817189719845e-01
1.879470983895576430e-01
1.714546943229147136e-01
8.299684474471473450e-02
9.811060350574792033e-02
8.877670285212421741e-02
1.881805669134434256e-01
9.803684706749339617e-02
2.330231468353819169e-01
1.431675187252952897e-01
7.766484783727632679e-02
1.506045335303010935e-01
1.512598730500318844e-01
2.164866550984013982e-01
2.173943087000792251e-01
2.360897020050512773e-01
2.165199970689622999e-01
1.990824475662038573e-01
1.799844615472508680e-01
1.625840868035959008e-01
1.799010341409285896e-01
2.083237875978330156e-01
2.128633673864431808e-01
2.133146757770000290e-01
1.808632257517854003e-01
2.270337025032517220e-01
2.180668231146658531e-01
2.130617795452402763e-01
1.575320114553934170e-01
1.230166354882116786e-01
1.806191349497497656e-01
1.796283190022907872e-01
1.879183198736634475e-01
9.516701891747546271e-02
1.292908640859321834e-01
1.782207013523319228e-01
1.670671597655645768e-01
1.119892888448246193e-01
2.094433829345060394e-01
1.894557894789049568e-01
1.116731515308040795e-01
1.046775790959914992e-01
1.961575484782643042e-01
1.867471914536600053e-01
1.924457914257401148e-01
1.477917885828795019e-01
2.656368522043814351e-01
1.812908704973488772e-01
2.805371310645193295e-01
1.977507165311097048e-01
2.746817571643234701e-01
2.253764231755266689e-01
1.404234309448838536e-01
1.649105883570501363e-01
1.800581168088546125e-01
2.098864148044941313e-01
2.164510844210403573e-01
1.812547292307931379e-01
2.036149183058847123e-01
1.315751673045818249e-01
1.358993857431463614e-01
2.110199511905786751e-01
1.154618228113529349e-01
1.576810531768138568e-01
2.267728998128319684e-01
1.469393429920508864e-01
2.623660960811308729e-01
2.578077375766827939e-01
1.652626734177847223e-01
1.526201136210466047e-01
1.954093678774005416e-01
2.138871813027607982e-01
6.874655067182285084e-02
2.051434725746935916e-01
7.728572930903282456e-02
1.060337749703344490e-01
2.344623355599901315e-01
1.722994630180029740e-01
1.923798218128507098e-01
1.106191905594979125e-01
2.284432049842158585e-01
1.548813311725948105e-01
1.883341790771353996e-01
1.596299572449983439e-01
2.382271737910593157e-01
1.497218692481534497e-01
2.175696678274581797e-01
1.247230998250850736e-01
1.116828090917614674e-01
1.674060122955924601e-01
1.630797444840376420e-01
1.779206543360143389e-01
5.688016204972937140e-02
1.485041864217222507e-01
6.431569769325562458e-02
2.329797061872858621e-01
2.017184589258226302e-01
1.330576034956976461e-01
1.396129522202571305e-01
2.176740719581150008e-01
2.094283968881973379e-01
1.844276501366861332e-01
2.257202477604224322e-01
2.317400918372177210e-01
1.718777643122599008e-01
8.263229225715265636e-02
2.916426055570150999e-01
9.539731000256877758e-02
2.016442348205623736e-01
2.221519149188317943e-01
1.429531731888703250e-01
2.640038690627203311e-01
2.671799266084450286e-01
1.791847910456422499e-01
1.278106958109485047e-01
2.465921469567841362e-01
2.699436040539527903e-01
1.483864959361255453e-01
1.472408524815903563e-01
7.622483751821361453e-02
2.381571775183563833e-01
1.556658669607061118e-01
2.170060673084396596e-01
2.092268953300051304e-01
1.206451992672669254e-01
2.164743498245636777e-01
2.046883949514375634e-01
1.974755816994083479e-01
1.930838796845582572e-01
1.620118932981179372e-01
1.385332091431937529e-01
2.360335141576521412e-01
2.092170066376205229e-01
1.950451446016394086e-01
2.332099884259701827e-01
2.496810476358835573e-01
2.171189451168193396e-01
1.910587492280653166e-01
9.374343494724905745e-02
2.777491824485499028e-01
7.126640761251160083e-02
2.133029405573351189e-01
1.869259007076726209e-01
1.235160591930816870e-01
1.287951362636179375e-01
1.355933649036594191e-01
1.522817396645634869e-01
1.229335746282360642e-01
1.154931483241742746e-01
2.634686060032874200e-01
9.939078531146965101e-02
2.063732379961417396e-01
1.629791447251510983e-01
2.271507480196848228e-01
2.056010114274062772e-01
1.684239890070468038e-01
1.133111433643772398e-01
1.222264283638696825e-01
1.593182120707596627e-01
1.653902681625703808e-01
2.587152132795080273e-01
1.104487683698120448e-01
1.781839404370458568e-01
1.310238415886098295e-01
1.862844220222026614e-01
1.024625774467336631e-01
1.634545290488995939e-01
1.961047719234118025e-01
7.285700145556189833e-02
1.804901849219525400e-01
1.766853040051654666e-01
2.750703526976993607e-01
2.817819793000101436e-01
8.694964048741919693e-02
1.788292783835805366e-01
1.307221331297707956e-01
1.531851883591021368e-01
2.402185937451185860e-01
1.200683667643460822e-01
1.208254966545034420e-01
1.896148781288871654e-01
2.338006368217950826e-01
2.239507981497437239e-01
2.139083336325092177e-01
1.320163886064362468e-01
1.674357815901873492e-01
1.830742474314854540e-01
1.811215524795365406e-01
1.413097050854182080e-01
1.946325085797779852e-01
1.680682972600034686e-01
9.392404037004375983e-02
1.112059865821620197e-01
1.174071190544670601e-01
2.198915641551887623e-01
2.189175868699720362e-01
2.199282167473705363e-01
1.172141595647662460e-01
2.057372202001041817e-01
2.152178531966403296e-01
1.201392678375706735e-01
2.165661571486903192e-01
1.774822960788367265e-01
1.597512836192680752e-01
2.059103809915747707e-01
2.417367970868832816e-01
1.964851971473149939e-01
1.086196581384297893e-01
1.149005987023339198e-01
2.047990172359197836e-01
2.184079526464263732e-01
1.808113739462737235e-01
1.991167465008839843e-01
2.179821673655214787e-01
4.206280684373563811e-02
2.372416118405744345e-01
9.939302977584103804e-02
2.381465783689186155e-01
2.327286154202379831e-01
2.070242502531441653e-01
1.849511348942049771e-01
9.835859525767151612e-02
2.315329668978536870e-01
1.488615356616926622e-01
2.175348616993338646e-01
2.224673207734802483e-01
1.398508375113074187e-01
1.764293300794943509e-01
2.384802105224551050e-01
2.525863427061062483e-01
2.036553794483193236e-01
2.135714390535274620e-01
1.622371663161065458e-01
1.419796017423445855e-01
1.830072294240046582e-01
2.516522254853846841e-01
2.194209336305079361e-01
2.282977691665052100e-01
1.346340205328107054e-01
1.979579800179609439e-01
2.087539722254050101e-01
2.452656080374392977e-01
1.853246033095789502e-01
8.994013660709512803e-02
1.222544620160823797e-01
1.997161130976857768e-01
2.124551924293915095e-01
2.023797574748696371e-01
1.904968057139454218e-01
1.766825021281195895e-01
1.256263249044671237e-01
2.349679457938034788e-01
2.088792173627111171e-01
1.934697038758714793e-01
2.048305791689026545e-01
1.267919004183798992e-01
1.992769928431522564e-01
9.004165096546447311e-02
6.009118965109221805e-02
2.074884173541101107e-01
9.734270970862350658e-02
1.945158929252744917e-01
2.467831893018353484e-01
1.915742706256115258e-01
1.453204721286460721e-01
1.598156498979677320e-01
1.286552387512876483e-01
1.790663503903743292e-01
2.433388937169314314e-01
9.236614401016214615e-02
1.378409320481891465e-01
1.309966404441477161e-01
1.424512351479475525e-01
2.112535332641665153e-01
1.957018307114925249e-01
2.392825191018137510e-01
2.169794531829526696e-01
2.258040725262267512e-01
9.140163200160163204e-02
3.384904020010405523e-02
1.900448723216797697e-01
8.039822868645461751e-02
1.671386796477294656e-01
9.545570554542440189e-02
2.535316205411307644e-01
1.661781111167555391e-01
2.386298541560183673e-01
7.480818055935434252e-02
2.243803321000032436e-01
2.065490010062607518e-01
1.326817367898135147e-01
2.106369357895580552e-01
2.418502885109398703e-01
2.645554108460929643e-01
2.049282052333666615e-01
1.051797513233379416e-01
7.874971556460137745e-02
1.847281536531568680e-01
2.453436472206501351e-01
2.492848651191147402e-01
2.583163618426110864e-01
1.593464022174823913e-01
1.538600482688509963e-01
2.243775787103629571e-01
2.337916553720461588e-01
9.281438851361696607e-02
1.860267490475181196e-01
2.304960876482248511e-01
2.408258161160838906e-01
1.886346698502806840e-01
1.437951736525963087e-01
2.342240804016768596e-01
2.086570256225708520e-01
1.972798176670195469e-01
1.747553484595752993e-01
9.696150084268739811e-02
2.472328187754350148e-01
1.427243218728928564e-01
2.337670642127126219e-01
8.280111427175167182e-02
2.883703176315960959e-01
1.518998215268750618e-01
2.492889646287233252e-01
2.288761031763556497e-01
8.276769535972203218e-02
1.167439616178567036e-01
2.231306211468470635e-01
2.385871377467727039e-01
1.695046708757140530e-01
1.845526631521577365e-01
9.806160340386597951e-02
1.716566623734346597e-01
1.689229159923626156e-01
1.798245815536392012e-01
1.090964195002507853e-01
2.613429650194717402e-01
2.153880975344737436e-01
8.608181101824306791e-02
1.621831593900403823e-01
9.172847880185928948e-02
2.083221639878647946e-01
2.583004027637759159e-01
2.298292978987739044e-01
1.746355925018859279e-01
1.305489142815019210e-01
9.337262430072212904e-02
2.046125091337241686e-01
9.705969883056907166e-02
2.672797811119234646e-01
1.392639892727247641e-01
1.610973759424687568e-01
2.037360490258036116e-01
2.204703827298842567e-01
2.000936965706338055e-01
1.371774740159108219e-01
2.463131481382097865e-01
1.566391845773221492e-01
9.733993430764210919e-02
1.898830314764176075e-01
7.792171593487953740e-02
2.613740114040780105e-01
1.889684066364958059e-01
2.180910267607911457e-01
1.436803152192493993e-01
2.033712494918260560e-01
2.181743983661955100e-01
1.297278230739394855e-01
2.840345006649857562e-01
1.399895395987686419e-01
2.645476723494415983e-01
1.250605352325241670e-01
2.108355338169635718e-01
2.646512145611222278e-01
2.258587744137860176e-01
1.142862166548823250e-01
6.485274531757932726e-02
2.299490475602020967e-01
2.263306893257000518e-01
8.199610885938687921e-02
1.810303187143153247e-01
2.256389273692625819e-01
1.453667580600698783e-01
1.285786990267864527e-01
7.961854279741160945e-02
2.448358712869820319e-01
2.021905773374430837e-01
1.814201625893490655e-01
2.872285760207634042e-01
1.198289306759858230e-01
2.027130780378200436e-01
1.673033138783835139e-01
1.033904943598555198e-01
1.980779389579524763e-01
1.721838917422514603e-01
1.922081605696273343e-01
1.870327438167167788e-01
1.317393344842463510e-01
1.988208871141100842e-01
1.524865861047818016e-01
1.991451197990339594e-01
2.057613418707039399e-01
9.554515270198363219e-02
2.396635087089370175e-01
2.017028247700557719e-01
1.055371422140914811e-01
2.695498848392497426e-01
2.076423490180851206e-01
2.081263482890444994e-01
8.504620839654550291e-02
1.401781909740807130e-01
2.240637933356598444e-01
1.409904595100551772e-01
2.217348656232074611e-01
1.334765900421279738e-01
2.205483957325863609e-01
2.626776004046121882e-01
1.332920564832844046e-01
2.097913830309557359e-01
2.172198004616428813e-01
2.616317621051358344e-01
2.328001884581847314e-01
1.581886696702169970e-01
2.035154914011392813e-01
1.757055879849663826e-01
1.034709327145553054e-01
1.621537990248294869e-01
1.831535354018972162e-01
2.016463557094896608e-01
2.234686537961029507e-01
6.274744785712946249e-02
2.397560971807036201e-01
1.876248372697309208e-01
2.010103322754172306e-01
1.650202664951052334e-01
2.089845466530275420e-01
2.372018270335860268e-01
1.921767640654699072e-01
2.490976129178281706e-01
2.273076297435316917e-01
1.696161041883678666e-01
2.288433729210841150e-01
2.211422023912997803e-01
2.092728370846552444e-01
1.225176353903131704e-01
2.558398885490153485e-01
1.019942694744785661e-01
1.452675105733340633e-01
6.547380713316934553e-02
1.909648387502431155e-01
2.151030331097548154e-01
8.890684539296736522e-02
1.611348452821246002e-01
2.519860184284142268e-01
1.605208187634913630e-01
1.535501816206148173e-01
2.139610390595716727e-01
1.356988369369176162e-01
1.908516182338445555e-01
1.551432123472903379e-01
1.134920254244442123e-01
1.747745721268181007e-01
1.955472964166001804e-01
2.547809110932205412e-01
1.239290051624420130e-01
1.960351707263849053e-01
2.468459765336248057e-01
1.964149964013245375e-01
1.403413669010930287e-01
1.831766535458679290e-01
1.659995734186408833e-01
2.064946540449698609e-01
1.535130592883272860e-01
1.694199296062410820e-01
2.053003252366917553e-01
1.613000892194461355e-01
2.618342666037807298e-01
2.428707391609038757e-01
2.354544880551372177e-01
1.637517121458090252e-01
2.269790065291358572e-01
1.945901867526635964e-01
2.080470101369550351e-01
1.852055235745345418e-01
2.239962696567461276e-01
2.319031980008431637e-01
2.899751232634762976e-01
1.804894082259427823e-01
1.278741584694283728e-01
1.601330553906673559e-01
1.257290347862305147e-01
2.016768770683450562e-01
2.123105995029775928e-01
1.500520676633425865e-01
8.114661067163689290e-02
1.956566226618825510e-01
1.257876328593247883e-01
1.776085226608566381e-01
2.071490067635511634e-01
5.011891623133329227e-02
1.573958947109334039e-01
1.709415588219136972e-01
1.784657437590942142e-01
2.478822250626514789e-01
2.147375030813382379e-01
1.344409458024988790e-01
1.481080024681720175e-01
1.998905789470214744e-01
2.260371154298547736e-01
2.216284996053771439e-01
2.607721980426442321e-01
2.186440048185824270e-01
2.186574497674567685e-01
1.903407536306270242e-01
1.999745313735357133e-01
2.073695215325921104e-01
2.349551623248757604e-01
1.251385723173933928e-01
1.671359794320841641e-01
1.323387462610489396e-01
1.394931772045223117e-01
1.523709762855585681e-01
2.197795532223596193e-01
2.300719522444681642e-01
1.348423138148248379e-01
