3.450173847800288573e+00
3.315514911697118094e+00
2.698680652752690090e+00
2.966832510622726904e+00
3.337110448566139365e+00
3.219843295323185028e+00
3.577140038705862946e+00
3.594575905458651022e+00
3.368075605287074392e+00
3.169348864636148289e+00
2.863734477965008907e+00
2.447613517508410386e+00
2.757347699666375274e+00
3.419794848131202158e+00
2.928840131538291036e+00
3.032639834380767230e+00
3.272927749879429360e+00
3.905573295661041833e+00
2.474866959843506908e+00
3.370865999970011018e+00
3.183582665710101178e+00
4.218017825972459889e+00
3.052540028003871253e+00
2.802040964421442126e+00
3.043439900313839708e+00
2.651479893470150895e+00
3.216627707374685841e+00
3.614315251188688904e+00
3.365200542709192444e+00
3.076774369006388898e+00
4.494682303881135432e+00
2.193616532015484122e+00
4.166632657042420362e+00
3.222060209806750120e+00
3.273862263298347841e+00
3.357866138990576843e+00
3.351654984639378387e+00
3.241841717466965811e+00
3.161710096881622079e+00
2.401683781478279656e+00
2.811676262065489595e+00
4.004985404252924930e+00
3.638405374203764531e+00
3.297027163010987305e+00
3.006406717575264231e+00
2.794610940663626586e+00
2.987401868492975510e+00
2.165930077775644502e+00
3.864754530974263247e+00
2.749810217144303515e+00
3.137706666723939275e+00
4.241444500469848222e+00
2.562695620835970800e+00
3.511764479631649838e+00
3.557189201711473459e+00
2.706697587949101980e+00
3.659102405614351738e+00
2.872097586764279065e+00
3.368799625897429983e+00
3.609059394390565778e+00
4.050948502638261672e+00
2.410115851389596386e+00
2.474566389084469797e+00
3.413993848704505396e+00
2.372196479103769295e+00
3.584867759582598623e+00
2.792560573763092080e+00
2.174406637405500664e+00
3.992249592720989781e+00
1.785717287675507636e+00
2.567246331126946224e+00
2.257472904793240698e+00
3.153181530314493219e+00
3.049228176738386420e+00
2.643728070856921075e+00
3.364415013373743157e+00
1.457257676920602041e+00
2.802783865118816831e+00
2.916428057995100520e+00
2.161028496587612313e+00
3.035506847299349609e+00
2.749988171250748792e+00
3.511291919792283167e+00
3.329094118873298314e+00
3.404023890431004062e+00
3.357623653211291970e+00
2.573596128713822040e+00
3.036873094534656925e+00
3.419050667864683923e+00
3.547185082711372672e+00
2.694611226969355844e+00
2.368781110983426696e+00
2.538120624347126153e+00
3.679410473014314675e+00
3.064598216796039498e+00
4.172540168915580772e+00
3.287145230973260279e+00
3.231923504442023365e+00
3.064676311981333168e+00
4.063464566292445568e+00
3.166399461305409613e+00
2.975705742656970187e+00
3.850119259183750309e+00
2.588487225577972506e+00
2.169649522669577557e+00
3.253073925721131854e+00
2.486676948858341785e+00
3.269547683267797211e+00
2.926590107215225167e+00
3.232306498886661661e+00
3.856268402725214983e+00
3.665943799112236334e+00
3.402609117692906082e+00
3.479958717467844131e+00
3.254606121242507477e+00
2.388170693148351731e+00
1.682610488526879555e+00
2.569981799192273542e+00
2.663956744847034486e+00
3.441795402807204418e+00
3.173265717599499602e+00
2.786362639210784753e+00
3.248435736695787668e+00
2.601628391061611367e+00
3.062909761618047177e+00
2.823972979073671841e+00
2.064391985534881790e+00
2.676327570683102675e+00
3.617733303773353448e+00
2.776507196271254418e+00
3.091071927320648172e+00
2.750121581600216469e+00
2.702052613707410789e+00
3.173603145004822768e+00
3.100335207091124978e+00
3.654767229343577561e+00
2.922276896871319973e+00
2.075911854089087516e+00
3.442726016004256984e+00
2.803288871551933070e+00
3.274642505137722814e+00
2.554916569571448637e+00
1.962532913918908495e+00
3.903850570873975911e+00
4.018025136341873527e+00
2.391600062991875220e+00
2.605796901211589578e+00
2.916726507799557666e+00
2.516645315409059336e+00
4.140037999878282804e+00
2.932759727970949637e+00
3.236958892429832257e+00
2.886961032411966777e+00
2.680460027285799463e+00
3.187378503587093181e+00
3.695311253914558502e+00
4.818257981358769371e+00
3.350979065528009837e+00
3.174116050120186383e+00
2.790332558233232341e+00
4.538160060881917701e+00
2.056747643623381805e+00
3.009934218737333023e+00
3.431673346575617956e+00
2.231964448658651179e+00
4.150706440148134391e+00
3.047085555275017565e+00
3.271620094514853694e+00
3.629306592363707118e+00
3.210543732404548933e+00
3.550111332807513342e+00
2.531841349178685086e+00
2.114841268721897816e+00
2.646647903985099859e+00
3.700736593675306274e+00
4.099586099011655271e+00
4.616615201627278786e+00
2.721700220361734868e+00
4.598633328606954507e+00
3.822384844366657042e+00
3.077836640382217492e+00
2.254557452360114844e+00
3.441097711943010840e+00
3.173997957761516275e+00
2.765563052677575406e+00
3.106759487897119421e+00
3.526770428647536537e+00
2.825848657755734017e+00
3.272659996134519300e+00
3.739310616482866223e+00
2.572595320910433525e+00
3.069283441018757497e+00
3.478769917053319283e+00
2.935153494488730974e+00
3.143513532772287178e+00
2.491112158236493013e+00
3.405066011827031058e+00
3.497785207948728381e+00
2.869129130715598386e+00
4.355151373404795301e+00
3.048011523664541311e+00
2.452415616201244930e+00
3.483730774872778824e+00
3.067542773928172650e+00
3.449225211045289008e+00
2.087611887887540263e+00
3.333089308410476015e+00
3.762673249168640321e+00
2.529961484711677588e+00
3.280623493376716215e+00
2.793931782409584841e+00
3.628600855262923197e+00
3.033483095596656298e+00
3.285467918464910930e+00
4.178777787346389161e+00
3.439228522436086788e+00
2.740286617694209781e+00
2.560207863278137097e+00
3.621675917172767711e+00
2.646908564631378802e+00
3.768357005872932319e+00
3.036096148182034771e+00
3.070766638860876085e+00
1.969934461243221469e+00
2.871702156106922921e+00
1.944981031769957625e+00
2.908942144535619168e+00
3.040778121478740825e+00
2.999293672444158343e+00
2.755645676777083608e+00
4.175234870601597592e+00
3.272184854758529493e+00
3.793185492929222136e+00
3.612359777098628211e+00
4.089087013225277012e+00
3.359531790078669644e+00
2.978723490670769358e+00
2.631291035075012275e+00
3.307246634581651801e+00
3.080448880491079677e+00
2.378273645768921085e+00
4.007167731496812380e+00
2.381100965036562656e+00
2.157840229672001175e+00
2.940063822357277257e+00
3.501297031685670635e+00
2.872112684378117287e+00
3.470233784782635666e+00
3.534625475698580654e+00
3.234279817615630215e+00
3.068227559843116126e+00
3.186491954684351757e+00
2.792859467414290808e+00
3.224201460640371941e+00
3.093472575067259367e+00
2.922794565771436481e+00
2.825889699236663333e+00
3.445126068302203581e+00
3.331214044915114414e+00
3.668621597483347152e+00
3.996697336601676920e+00
3.073742639613040950e+00
3.351376109466129627e+00
2.817325455036843174e+00
3.232556709003144846e+00
4.044274967318170155e+00
2.749881617922900201e+00
3.181947497895374788e+00
2.554849074697372657e+00
2.872278396215955265e+00
4.821038993740518919e+00
3.126640704071532273e+00
3.854087317970368520e+00
3.391446744274505765e+00
3.349117329000610876e+00
2.590708909104441737e+00
3.100407880588231802e+00
3.247372497391314283e+00
3.649584045108526187e+00
3.449185763938150906e+00
3.189877106129942241e+00
2.707034717232259968e+00
4.572346621351671025e+00
3.453984483451512766e+00
3.235521616002380973e+00
3.547735836298388623e+00
2.958185228443255266e+00
2.400477219169462550e+00
3.339231105636458530e+00
3.012183121947940911e+00
3.293680370249247868e+00
2.798627940248898049e+00
3.570545136486376059e+00
3.115724947063462036e+00
3.010452765394024954e+00
3.583294166667663649e+00
3.073179048730047658e+00
4.000419100412912599e+00
3.005838335602126321e+00
3.036142980585159190e+00
2.105847245927793487e+00
3.315589161752420466e+00
3.212039167298857745e+00
2.641443739505623167e+00
3.452099204051092940e+00
2.881488781324082371e+00
2.368209013880703484e+00
3.047908055841934249e+00
3.203995191724551717e+00
4.775394093222986136e+00
2.741688169203246872e+00
3.458722904299564860e+00
3.142405169228560613e+00
3.556643722851754230e+00
3.380484426689851496e+00
3.328806292625176244e+00
3.092964360149570435e+00
3.048995022369462848e+00
3.503617318328146268e+00
2.287980021972061628e+00
3.351537152935931907e+00
3.243608810155076849e+00
2.739469886492434281e+00
3.462312237588263564e+00
3.458713457666933611e+00
2.129303420842079575e+00
2.494267635003472705e+00
2.159308539523157044e+00
3.154071413974276261e+00
3.089139798534433545e+00
3.413032133797408108e+00
2.882160220801322836e+00
2.573353531481793688e+00
4.443488497864872322e+00
2.696944908783236006e+00
1.982300442797958917e+00
2.672002247006792341e+00
3.052599721575564473e+00
2.766498511417632589e+00
3.190219158362007867e+00
3.067650135762024721e+00
2.991267474341701149e+00
3.547089911174081678e+00
3.225862135096997818e+00
3.248208080499635830e+00
4.271812452630935120e+00
3.907288584694149414e+00
3.716574798146095482e+00
3.492932142045403587e+00
3.561260484743119292e+00
3.614887592849756803e+00
3.934345393558707826e+00
2.696955327805529379e+00
3.079308667080765893e+00
3.291310482177477681e+00
3.059859686150281810e+00
3.453635305286615331e+00
3.606015343022321851e+00
3.239252601342986093e+00
3.182281650513295812e+00
3.023920937018153232e+00
4.427575141224822097e+00
3.216044605218516317e+00
3.318305049015674690e+00
2.654219199776352678e+00
2.375675032514920293e+00
3.905019947343321363e+00
2.585203874765609200e+00
3.141359659032839424e+00
3.430824059473113419e+00
3.087486852034947216e+00
4.027153846882417731e+00
2.719175598094607071e+00
3.311541924292996875e+00
2.417855688749598553e+00
3.335071275294054782e+00
4.807983848545987371e+00
4.070607408633999391e+00
2.434967351086517073e+00
3.752159705784229971e+00
3.276660601235312775e+00
3.954075179163804687e+00
3.024720775440656872e+00
3.199874813608780677e+00
3.624775913611403055e+00
3.182945905183914181e+00
2.819483663320263123e+00
3.100780025871949785e+00
3.383044029720864820e+00
3.092485949678392299e+00
2.463610588220096709e+00
2.684339973918531186e+00
3.475569562231382470e+00
3.590677393083381297e+00
3.913465303257328554e+00
3.811969150970595521e+00
3.970946243870268511e+00
2.711549048632790448e+00
3.559859486286228947e+00
3.262822167627317249e+00
4.295428359139950913e+00
2.850071916159068408e+00
3.670752157173013508e+00
2.381980155320964521e+00
2.206084273377152627e+00
3.108520164843646238e+00
2.949633878131280973e+00
3.414653236958075766e+00
3.305978254012102546e+00
2.640342485674127992e+00
3.651763313974272673e+00
3.477408274311067249e+00
3.031953236777219729e+00
3.019136315980906815e+00
2.491770332076491457e+00
2.781070875175189361e+00
2.415889441266085846e+00
2.963994517717595922e+00
2.657725140379869178e+00
3.768485452483445464e+00
3.044668613435860038e+00
3.457674099979075155e+00
3.401430170646657203e+00
3.025699859443063300e+00
3.794998202235314810e+00
3.176282269616006015e+00
3.432482445515904868e+00
3.982699749519357901e+00
3.684127154675726601e+00
3.734362932865397777e+00
3.278081630813716618e+00
3.442975303926302466e+00
2.444828182692920127e+00
2.472678396103355603e+00
2.960594485212561189e+00
2.531165149563829431e+00
3.247732299030053227e+00
3.327416127480962604e+00
4.222199439232129592e+00
3.454068355219577224e+00
3.240692185508884382e+00
1.956881632390354842e+00
3.673276764422760188e+00
2.593267413522326592e+00
3.099444579688968471e+00
3.139085502759961788e+00
2.554955920508945155e+00
2.574817180801431515e+00
3.420051302891422118e+00
2.346304091821945992e+00
3.353196933422230686e+00
4.593917588764939275e+00
3.960427927975786133e+00
3.304443785962455582e+00
2.491034787822798968e+00
2.394327283038926613e+00
4.270576180226061780e+00
3.187878420963080828e+00
2.715480000959086926e+00
3.082567410759115223e+00
3.354329650285744702e+00
4.068304735311283338e+00
2.692805780597070431e+00
3.053553137421859187e+00
3.985553951621607638e+00
2.544607550804911078e+00
3.313830140024139226e+00
2.752221400403978446e+00
3.991605108342016095e+00
4.015615589997151957e+00
2.941164461207789405e+00
2.734225293074324270e+00
2.739687047391425878e+00
2.934725126001619167e+00
3.206576905277289224e+00
3.490019056024038058e+00
2.167419037210262189e+00
3.035263854250897619e+00
2.939302370302963041e+00
2.630236327823832987e+00
4.217387703064292559e+00
3.153228499566282483e+00
3.683842386557074633e+00
3.600810504550515656e+00
3.096273956950917672e+00
2.272520248993488590e+00
3.067184303145905844e+00
2.801899968202464564e+00
3.950220045430757221e+00
2.687215481079090473e+00
3.508812368231007284e+00
3.403604548945153851e+00
3.641383539752929277e+00
2.690662560339474929e+00
1.801481024773848638e+00
3.475070051514474123e+00
3.056892561617976956e+00
2.586112372548016403e+00
1.959553211462710554e+00
3.536585550044957227e+00
3.612200595885016519e+00
3.340149465236956328e+00
3.662148025855628042e+00
2.931424117549708885e+00
2.886555893605422085e+00
4.282615218833971227e+00
3.628166222508577565e+00
4.471629109004746638e+00
3.030637550143867376e+00
3.860097118794070248e+00
3.849323786048788776e+00
3.838234165775018081e+00
4.004906720246060203e+00
3.695569587949225632e+00
2.913803245621632954e+00
3.607728547204956282e+00
3.112253658737498707e+00
2.667025300456245418e+00
3.250756190393474299e+00
3.883074377255558929e+00
3.133391567927728882e+00
2.344466999637736748e+00
3.632417660882363730e+00
2.927735010807003935e+00
3.668477939829705825e+00
3.316846902161533439e+00
2.596407776383474975e+00
3.873229725605872531e+00
3.425129712659345405e+00
3.725124013828932767e+00
3.493952285735013596e+00
2.965611647005358176e+00
2.508286895915698977e+00
3.021504081200563796e+00
2.468689648567409467e+00
3.001204972578704222e+00
3.378448447268231902e+00
2.860368501171109745e+00
4.148507821336240298e+00
2.881710714264395623e+00
2.801964494669886285e+00
2.959619633914980508e+00
1.895555414966508812e+00
2.590034604166202126e+00
4.776331130268015812e+00
3.682691365045647647e+00
9.739476968481761698e-01
2.614818859081240898e+00
2.829493284474891901e+00
2.418291343636127966e+00
3.700705835613128603e+00
2.968493292598337607e+00
2.896152405036056532e+00
3.853702183420618432e+00
3.069356921912592462e+00
2.507686732285303144e+00
2.171882265509916365e+00
3.832587673395643435e+00
3.172880586632590205e+00
2.171692211430321429e+00
3.482224248577270753e+00
3.154144758925729430e+00
2.880552924624395050e+00
3.906136148999000746e+00
2.861453602815537955e+00
2.894553987493258429e+00
2.786974584616543460e+00
3.311754317894575639e+00
2.724809405420237862e+00
2.596438968802416092e+00
3.348590728044904985e+00
2.681337486996638653e+00
3.825986912529243167e+00
3.052696794310884698e+00
3.493598666613171311e+00
3.490354920800500693e+00
3.768880082262752396e+00
4.670178614135503281e+00
3.006767790371219551e+00
1.998259194727660670e+00
2.724774953563953162e+00
3.176614496754196715e+00
3.246898517083443458e+00
3.530780861609993160e+00
2.977755502921703545e+00
2.275613167127570780e+00
3.190214507825368528e+00
3.197208346901485587e+00
2.667096434724204101e+00
3.864126237847042233e+00
4.693203879849455973e+00
2.846242299883834370e+00
3.502298313050399514e+00
4.525910194141886222e+00
3.945534850587181452e+00
2.936422724224837744e+00
1.915917362818704062e+00
2.962396990841099420e+00
1.516187326045743688e+00
3.113045350929130706e+00
1.713636843626800133e+00
2.983447642613467732e+00
2.257135457649248167e+00
1.983066762477074585e+00
2.797479626122800322e+00
3.516646572626610290e+00
2.776994685135472540e+00
3.149770791271229609e+00
3.676091018050066772e+00
2.794357267111156062e+00
2.562643379577862923e+00
3.406323591584311750e+00
3.274580856843477772e+00
3.608194725652470680e+00
2.985985872813190056e+00
3.566239378264072446e+00
2.923758986943087113e+00
3.184040054449337909e+00
2.962128196775002831e+00
3.072403610350030068e+00
3.629246460571950994e+00
3.344371635644431073e+00
3.222302259576685035e+00
2.835397364813723176e+00
1.865460725184480140e+00
3.960993046851899013e+00
2.586689567317787652e+00
3.337390498927265359e+00
3.055340410215423574e+00
2.546163988697464298e+00
3.267217527129320231e+00
2.739476760286404300e+00
3.123026791795547208e+00
3.881161365934207019e+00
2.782954403343873562e+00
2.911329244528837901e+00
3.162796002450756205e+00
2.581411851665632362e+00
3.142880710052430970e+00
2.225196953883919804e+00
2.328620281514262480e+00
2.669125313165891633e+00
2.877543280940093595e+00
3.628530318735781801e+00
3.500956657990003329e+00
3.919068508094441849e+00
3.679603869226344415e+00
3.243892660057269506e+00
2.975047132922155946e+00
3.237559694090863971e+00
2.488438896388923460e+00
1.904579121102975670e+00
3.909899307571321980e+00
3.764387503827583359e+00
2.469443045752017341e+00
4.331650456821781958e+00
3.270105417467751963e+00
1.974986285234092920e+00
3.368331009762905559e+00
3.349668305389587264e+00
3.236921015346632124e+00
3.191356341770149374e+00
2.404669339618100032e+00
1.941100043006008802e+00
3.589686255819893201e+00
3.729926546235735607e+00
2.704544009975681451e+00
3.135554276667734008e+00
2.155390859642603019e+00
3.202287723401943342e+00
2.747745938286599632e+00
2.632085866027336074e+00
4.604533505030150131e+00
3.007003584541269259e+00
2.195096193276403262e+00
3.253283105885432569e+00
3.104177947097950696e+00
3.608741436174023320e+00
