1.240395209392849141e-01
1.110116653274168946e-01
2.561779630117408391e-01
2.483113173085093883e-01
1.227851615514487793e-01
2.206649006803624025e-01
1.187875307191105512e-01
1.882156357838231098e-01
2.494069962804846274e-01
2.127895426412651503e-01
2.032391623817491888e-01
2.156846736919839080e-01
1.728252078700326655e-01
7.100577796539787878e-02
2.201129392233891757e-01
1.439733882709384738e-01
1.820089892948167365e-01
2.278760421956401716e-01
1.409913034075190585e-01
2.180149406374557453e-01
1.270893481851562423e-01
1.180326368262167858e-01
1.611433522120417905e-01
1.236550083959267049e-01
1.948212248787154210e-01
2.113527630640127386e-01
2.580185962318125026e-01
1.129174521515113189e-01
2.205954227461894568e-01
9.343339227974323258e-02
2.322052986824961751e-01
1.625645215681630340e-01
2.154267168356183704e-01
1.880581380352404908e-01
1.329256054332323411e-01
1.397159732241893548e-01
2.016086949418899321e-01
2.158430499254030688e-01
1.876692350016970767e-01
1.108137570961636592e-01
1.401330268417666225e-01
1.126509808118930783e-01
2.287711049249767092e-01
1.027494331582358561e-01
1.287455472856385286e-01
1.915698572174364400e-01
1.983321635575328590e-01
1.640620487524457050e-01
1.804020536386878037e-01
1.525779615601930983e-01
2.004954605524968680e-01
1.355751922128637377e-01
2.047120674426596010e-01
2.143664546498210977e-01
1.373370263931808222e-01
8.857327044975643604e-02
2.065155172523206739e-01
1.438409122254002137e-01
1.941971902552011020e-01
1.866360430100733603e-01
1.137062753397733994e-01
1.686558904640045320e-01
2.564007422930757452e-01
2.060021554788361575e-01
1.440181782087956441e-01
1.699522952367282236e-01
2.624258279652501580e-01
1.845751435311985544e-01
1.348907949329041234e-01
3.495279252593992692e-02
1.895249609899840038e-01
2.513181555009404433e-01
2.169975693081691304e-01
2.691039874097260753e-01
1.013567643435359100e-01
2.258063680741349832e-01
1.569628281387152879e-01
2.019303207072263850e-01
5.885551835720955610e-02
2.473290084814948608e-01
2.435919448451805691e-01
2.311307237381657886e-01
2.065857941561895783e-01
1.748391454083990382e-01
1.756392894493189749e-01
1.818156176832358417e-01
2.093063354978357271e-01
2.026099035580849195e-01
1.252328058616342943e-01
2.141758534038326611e-01
1.759245636348116537e-01
2.350984088045720566e-01
8.956353583969504928e-02
1.640876734635136613e-01
1.436353794138927054e-01
2.837925675323289543e-01
1.528168603893212407e-01
2.318345525673135010e-01
1.922595467612143449e-01
1.189809765584842333e-01
1.752032408700960053e-01
1.915862684158692597e-01
1.965877453506769401e-01
1.822227571680544445e-01
2.037631343146466822e-01
2.203420923578777446e-01
1.439542384211179860e-01
4.486499570883027005e-02
2.139812574008273793e-01
1.400129614468960948e-01
1.468116832684053796e-01
2.370227517405066875e-01
2.082879328926810492e-01
1.921039095278335718e-01
2.185263774189383501e-01
1.197719748381807087e-01
2.079299804110525951e-01
1.601058296244441959e-01
2.199891704562798866e-01
3.065127217107885826e-01
1.688708257281646974e-01
2.175113974727629629e-01
2.256245882318818063e-01
1.393107484145737485e-01
1.938810080019097160e-01
1.611659984307533544e-01
1.861845526136247098e-01
1.510742301952436861e-01
2.248217466336670245e-01
1.865621994312715026e-01
1.593154459908539544e-01
2.432574137601145325e-01
2.049925900256826805e-01
9.038642934580683186e-02
2.134686263768023340e-01
1.356276423455576308e-01
1.743056701372718009e-01
1.552403404384346264e-01
2.242459144594204923e-01
6.663477776511850248e-02
1.794816872260947827e-01
1.903567190293657674e-01
9.705857069826451244e-02
6.150108204484448088e-02
7.239290056155976705e-02
1.635876009748615800e-01
2.519770951720805008e-01
9.162667670425431177e-02
1.564194908284192442e-01
1.670032414731725534e-01
1.877174366511968617e-01
2.061926913057448574e-01
1.995311018787511159e-01
1.077307163469866380e-01
2.267477027644451970e-01
2.273021839068276595e-01
1.595407759972826689e-01
2.623451394142998772e-01
2.707342289898364007e-01
9.338953266506011541e-02
2.036435525572376226e-01
1.683893825189662075e-01
2.675171673068398315e-01
9.366605191695565047e-02
1.790663861538457358e-01
2.067874884212637931e-01
1.314541326520669851e-01
2.535447514266221947e-01
2.227305867051523336e-01
1.259168435425892518e-01
2.008074146358240220e-01
2.162924137464070917e-01
4.249491680425613455e-02
2.109341387221395636e-01
2.191576299102334646e-01
2.153946768997851979e-01
1.535206854695937706e-01
1.588788226147674343e-01
2.117570974467986866e-01
2.052096415074944058e-01
2.191343234071189972e-01
8.597381024506565994e-02
2.452568980086818617e-01
1.816804611191121799e-01
1.841879976036735478e-01
2.124564826800150463e-01
2.230033655459650044e-01
1.213510749151816143e-01
2.504156483799255817e-01
1.265274035046425050e-01
2.342972088508583905e-01
2.301581204677989323e-01
2.377928418199485028e-01
1.692210028436070268e-01
2.462122363860431429e-01
2.222931437940471600e-01
2.028601978781386650e-01
1.056895040400949587e-01
1.930502450459467001e-01
7.603119378967312936e-02
2.554008981636650688e-01
2.000810517044970260e-01
1.148506727855285181e-01
9.389621663432538845e-02
2.029556125618996176e-01
2.004850625272027176e-01
5.919406476075485257e-02
1.941203316370512522e-01
1.249366024355557242e-01
2.208203566219036351e-01
1.701588875520951838e-01
2.547599939104664424e-01
6.240509334971950511e-02
2.146387693981877676e-01
7.134637211656152944e-02
7.914418593304146932e-02
1.838091852694288264e-01
7.960680631774996741e-02
1.177184722103972320e-01
1.711545873602546841e-01
1.018650512134265801e-01
1.591936287744604162e-01
1.504174379284513863e-01
2.469220021791327380e-01
2.625489455534135153e-01
1.561722002251413333e-01
9.060068674863952509e-02
2.151757242763631117e-01
2.044209141839199162e-01
8.995811502398995407e-02
1.953998245474418416e-01
2.658625123353439701e-01
2.317267597359531639e-01
1.910148627175436709e-01
1.575836988505807668e-01
2.346183375851689790e-01
2.709073347370014595e-01
1.997306004030263704e-01
1.394443020698808433e-01
1.929321114301495443e-01
1.669168597095106454e-01
1.687349275357838962e-01
1.730917471079837788e-01
1.144616411125976563e-01
1.523710987497373937e-01
2.329808204752830125e-01
1.962956570569303894e-01
2.324703701323804217e-01
1.702010984254557213e-01
2.347588373331758738e-01
1.952170167589747929e-01
1.898558751832246094e-01
1.849005631812886408e-01
1.368394391574331848e-01
9.230499580855046349e-02
4.033216346687570203e-02
2.502162069743575912e-01
1.240681276756998991e-01
1.352033582054691929e-01
1.998199647809095758e-01
2.447049098817048185e-01
1.427554861488327387e-01
1.082714868458234947e-01
4.632723095569687283e-02
2.292870928781112483e-01
1.789055598865290642e-01
1.657939880949465539e-01
1.665583170222636467e-01
1.490201190683504151e-01
1.936146416305457585e-01
1.371680247323436574e-01
1.881171381734354220e-01
2.191733378886873973e-01
2.112116081474626761e-01
1.151126439445692845e-01
1.392412336048226840e-01
2.633531768106168180e-01
2.221874845148646693e-01
2.831373553135551613e-01
1.282840168974999639e-01
1.008197349686415500e-01
1.529635338086189345e-01
2.222721952335703632e-01
1.941528638147623498e-01
2.099046628027527728e-01
1.756989964988401598e-01
1.890194140138621859e-01
7.830188216985246863e-02
1.730523505892361258e-01
2.277575763532343756e-01
2.368928867689462925e-01
1.465194014928782873e-01
1.647630233118987375e-01
2.592669061826089472e-01
1.876334730581510346e-01
1.801484998162695417e-01
1.991325811516863886e-01
1.387426259321983824e-01
2.113930037441608123e-01
9.479896784122124331e-02
1.817398041595520708e-01
2.800241009408467874e-01
2.258958748037903919e-01
1.473759176097754198e-01
2.469903311084395980e-01
2.195357317363622607e-01
2.028800033540074099e-01
2.120164665422142047e-01
1.264806946338446758e-01
2.094864128315715168e-01
2.176871943651580987e-01
1.842166250544951256e-01
7.645052421563926226e-02
2.136819849773905766e-01
2.473118982498457019e-01
1.865890677495318783e-01
2.184778843673089443e-01
1.898032302272811833e-01
1.002051668842127430e-01
1.856922369601906042e-01
8.704398889347229884e-02
2.008079938439739920e-01
1.158400906037688610e-01
1.483192377587060073e-01
6.994680098778721655e-02
1.525061320390888875e-01
2.349557457175250053e-01
8.455466091339124135e-02
1.848110474969694716e-01
1.118439864307992498e-01
1.846918554716986127e-01
1.693291118481440038e-01
2.365856108384221668e-01
1.749005063788621472e-01
1.404082838959672119e-01
2.066045366904869507e-01
9.961859887600944818e-02
2.561444684659577309e-01
1.027019658627693621e-01
2.398927339584046858e-01
1.935411263206876786e-01
1.370105892593872776e-01
2.177505775996197435e-01
1.118028870208843256e-01
1.318682901402024599e-01
1.870524463684249128e-01
2.396028363983681020e-01
2.071761102039417768e-01
1.428171278723107673e-01
1.053744734259541710e-01
2.369550106848278270e-01
2.319252353704509273e-01
2.085657928716311560e-01
2.481065310716864813e-01
1.618408471891330525e-01
5.893365303702613467e-02
1.483703880989164503e-01
2.256189341383552094e-01
1.103117776701959679e-01
1.891819590352793734e-01
1.785665498448033295e-01
1.976945960950955150e-01
1.865658856511631658e-01
2.035976435930454687e-01
8.571133290940755045e-02
6.054440259739095331e-02
2.342246278581984753e-01
1.199011093230357844e-01
1.376792929591461878e-01
1.578467331806954199e-01
1.938571819876051261e-01
1.501199999817818542e-01
4.445680745406565409e-02
1.880389155547240732e-01
2.557085378477852999e-01
2.447557905815909984e-01
1.306290433327424727e-01
2.180595491517979545e-01
1.841341674071557688e-01
1.294585816097596209e-01
2.233804271785690687e-01
2.232827741556777101e-01
1.607993118847323155e-01
1.694837808062283069e-01
1.939842766818661857e-01
2.170016452817582209e-01
1.652928683530726361e-01
2.481851152153701501e-01
2.406180374636337771e-01
1.706535070395359122e-01
1.567598520393057304e-01
8.871876246503124230e-02
1.854622830840818026e-01
1.960185658764855843e-01
2.142125844782891697e-01
2.243443499547611297e-01
1.774163797153739397e-01
9.040996287595030878e-02
8.177057212905719519e-02
1.996343663317660388e-01
1.372383152899552816e-01
1.584834126632558293e-01
2.022791337014150093e-01
7.763994407902073680e-02
1.940082973631729046e-01
2.092586332596326759e-01
2.230833604923995184e-01
1.720631891896836074e-01
1.852890977397269878e-01
2.783349410218984299e-01
9.167521644369325262e-02
9.608115248256397789e-02
2.509447466741186461e-01
1.391217153177767840e-01
2.002000955427570561e-01
1.821044173737910443e-01
5.618046903160058697e-02
2.069985757259099335e-01
1.182756510411376583e-01
2.000941159990492491e-01
2.243952487344180180e-01
2.021752200963912449e-01
2.273623052602189998e-01
2.479019505027411641e-01
1.429740369134263611e-01
2.581047573622359814e-01
1.581101264188179700e-01
1.240279802709425699e-01
2.277893518796002270e-01
2.249333452999416338e-01
2.337028346027344994e-01
2.664693309071089478e-01
1.239083691359068873e-01
1.484234911035350601e-01
2.682060991712704179e-01
2.081972387115931522e-01
2.269926967695019004e-01
1.500756765078505861e-01
1.145489765636379803e-01
6.497892401721362676e-02
1.603448968787034024e-01
1.725062734485837135e-01
4.792722895595866867e-02
1.698655198551739520e-01
2.590807899369280132e-01
7.925574674700158750e-02
2.090612161461596619e-01
1.111759391940456698e-01
2.074244599739143158e-01
1.472753760543533408e-01
2.038903054992140251e-01
2.822974960883553250e-02
1.666517076655294749e-01
1.685704241761761535e-01
1.847100677583148887e-01
2.242307674976467269e-01
2.192825960997112078e-01
6.928000150115505573e-02
2.172264534301508732e-01
2.755430134775058715e-01
2.296564663188469801e-01
2.307861614241999426e-01
2.044952080330936506e-01
2.265981714363394794e-01
2.199531853534150150e-01
1.000597165434662511e-01
2.038194663454836741e-01
1.891448947861649743e-01
2.408116657783281322e-01
8.776571445216256595e-02
2.135250430899172658e-01
1.885058821178513255e-01
1.425182464406437033e-01
1.867112791948510320e-01
1.651429971197936608e-01
1.438120836012105885e-01
2.530656657680842581e-01
1.440368665610002041e-01
2.171199988299739592e-01
1.553647060015969084e-01
2.708725885580145487e-01
1.019870200835567842e-01
2.193393246648775718e-01
2.326750381842356552e-01
2.143058157070312497e-01
8.467611571924095470e-02
1.024228381625292561e-01
1.892144641497329194e-01
2.414152950869820902e-01
1.913355322676885961e-01
1.784527765993280113e-01
2.150083727032061076e-01
4.165424965975585841e-02
2.927189010804808617e-02
2.004288255280425590e-01
2.151464077382867768e-01
1.362301220115232636e-01
1.598534159023477508e-01
2.838319723763660929e-01
1.169109349876463894e-01
1.736739666353945277e-01
1.353858100073202231e-01
1.828983547575639412e-01
8.025216536979409843e-02
1.696290188855916203e-01
1.229051978277961726e-01
1.927461128258532719e-01
2.016167857136936248e-01
1.535228119619431730e-01
1.948289099777932576e-01
9.182280042415935650e-02
2.039702283636855018e-01
1.834694638368336017e-01
1.982371392834198498e-01
1.201660203635478708e-01
1.773304841218617811e-01
1.809129407863266648e-01
1.418780689941447626e-01
1.417645394741912090e-01
6.921254870071567866e-02
4.749168012189594612e-02
1.817720882467423749e-01
1.119089906385290628e-01
1.722756059846939081e-01
1.259250495647679102e-01
2.449607704515328332e-01
2.158087981552810064e-01
2.558039473721606671e-01
1.660416559656583690e-01
1.710258230857957806e-01
2.019924932330370015e-01
9.434929709828021593e-02
1.873042941679031181e-01
1.941909526799963925e-01
2.244542945697700631e-01
1.664112619324498443e-01
1.124009306578805517e-01
2.174766427991471907e-01
2.138008142958527646e-01
1.759111565219924900e-01
2.963281303626670860e-01
1.634789008983484893e-01
1.655491999761009303e-01
2.869582725505190335e-01
1.389406025105273390e-01
2.032157172810774848e-01
2.205966344282060954e-01
1.042804173877927981e-01
6.163715094966564639e-02
2.013400269045894087e-01
1.848259195990679116e-01
1.544199393454388780e-01
1.984655799640301643e-01
1.812320637862789852e-01
1.719001432722163103e-01
2.916597753524221570e-01
1.877653332483480153e-01
1.408845354636223679e-01
1.028727994510616056e-01
8.986391455621478563e-02
2.109674853116866033e-01
1.572473777115415972e-01
8.545112431811091591e-02
1.628544471367538160e-01
1.370445800395274361e-01
1.058403188716876137e-01
1.182335913758269103e-01
2.067417897364844381e-01
1.073738089927447625e-01
1.984606877741448006e-01
2.087277153477923586e-01
1.911918827451780656e-01
2.279691316366331821e-01
2.579965742614331314e-01
2.528681585294529910e-01
7.172633891665239347e-02
2.188225693336967315e-01
2.122454681677922450e-01
1.741791199971057802e-01
1.717377305173148350e-01
2.480626948934954723e-01
1.887105248445332950e-01
2.236157749032402220e-01
1.308993337545818758e-01
1.414004091184176692e-01
2.017961009070469991e-01
1.534017245498991988e-01
2.382194474793176142e-01
3.084699649211856132e-01
2.904754834470039127e-01
1.362969244147333725e-01
2.237390207226119254e-01
2.584241123609868906e-01
1.938048967605007777e-01
1.958936946092084130e-01
1.729880443382276756e-01
2.421708523062267304e-01
1.887666504141119750e-01
1.961476480303726011e-01
1.893323177788624190e-01
1.727496409210714234e-01
2.183916929842227295e-01
2.817737723494775914e-01
2.244417871087629468e-01
1.860477719780564698e-01
1.934250191746154646e-01
2.269429336581997303e-01
2.599901470381681956e-01
1.403342270975618811e-01
1.873347980415868141e-01
5.998878691220393966e-02
1.679627810752861161e-01
2.063237178458331156e-01
2.226124214454812400e-01
1.791379475571146795e-01
1.579045148420243350e-01
3.965396121112196859e-02
2.140282326184748674e-01
2.712061977970596227e-01
1.451783857510248466e-01
6.161205836374699513e-02
2.244700556667562907e-01
2.536740935151900467e-01
1.160186148898147279e-01
2.491567272124917964e-01
2.050913534966520568e-01
1.377310393536399502e-01
2.365295623595277119e-01
1.628236992959930518e-01
2.002257250831658841e-01
2.011190952615238281e-01
9.178952899444503544e-02
1.143125779287877397e-01
1.778487421172713634e-01
2.110667540860901858e-01
2.079733755114603899e-01
2.113399425990926672e-01
1.950510313494231707e-01
1.012768172931098609e-01
1.091276569696362636e-01
2.015752388116800187e-01
1.724619049710711949e-01
1.939593559586745841e-01
1.786835773171929764e-01
5.611668161121056986e-02
2.293661977759877957e-01
2.264558854464469584e-01
1.661914704924571662e-01
2.289475539966258910e-01
8.335669338573103992e-02
1.869900491467600123e-01
1.768889388337327451e-01
1.669592152591396483e-01
1.292169383000607297e-01
2.197165726744405301e-01
1.427367729659055617e-01
1.571301021647691087e-01
2.215625680652058005e-01
1.999449167967377872e-01
2.456560721427960836e-01
1.389717406252779508e-01
1.060107213695470479e-01
8.987161566977810989e-02
1.525366809789811123e-02
2.482487564938535285e-01
2.322603051324172163e-01
2.343260331636019267e-01
1.808794684927604590e-01
1.719312426792565796e-01
1.622511267738817042e-01
1.704293282026859979e-01
1.071514927416535312e-01
1.928101468949275088e-01
2.006140467087946244e-01
1.203961266576097228e-01
2.227159110214354532e-01
7.592931491081011952e-02
1.394990046369468661e-01
2.332596253340078751e-01
1.799503656173783439e-01
1.914309514575839033e-01
1.743942619360790425e-01
9.996698255341419925e-02
1.856931892676894069e-01
2.151191655793678603e-01
1.987604003432410782e-01
1.758518531052856715e-01
2.197448251628075222e-01
9.011577257714611933e-02
2.236722291589869072e-01
